010120161           117471120410801106081065010953113901177612340130371350813797
010120162           139771404314065142951527216002157771536614896142361334012403
010220161           116581125611017109591106311473121541278413519139581415614135
010220162           140431390213903141801526016279161321571715267145621363712668
010320161           118531134711071109801103711307118151235413050134951371313881
010320162           140111395613935141541538516570164721604715456144301326112234
010420161           115801126411155112601170912918149201608916361165321659316625
010420162           166021663916625169141800319190191871885018268171591579914625
010520161           138831354213421134981395415078170291797117978177641757517349
010520162           170451690416785169861798419221192181886518250171321569414451
010620161           137081333413171131891360014721166221761417500171161676116403
010620162           160171585615775159581698118273182691787917269161511475113535
010720161           128111246312321123881279813926159161692316779164601618115891
010720162           155881545915396155761653517816178311749316911158911454413358
010820161           126431225312072120931246713519154201640816415163311626616120
010820162           159111581215741158621664617261169421639715778149041378512665
010920161           118411136211078109551104111480122161305613924145661482114813
010920162           146581445914281143601517315938157021520014671139601306712170
011020161           113181082110512103751042310697112151192112842137231433614718
011020162           148751476814682147221537315939156671507714344133481225811289
011120161           106981042710381104941102212264143531549715591155261555115493
011120162           154501551115530157971680118147181621774217134160481466613524
011220161           128051244512293123341276913922159251690616809165491636816210
011220162           160911614816145163141720018196181041758216840156711433613154
011320161           124601214112036121701259913798157921680516861168471686416778
011320162           166121655116471166731762718920188761848017803167091527914056
011420161           133281293312776128041314014247162051730517389173141700516630
011420162           163451627416202164211725718448184051797717335162781490613704
011520161           128801244712218122181257813657155211654116692166741649016225
011520162           160101582615679157061638117132168221632215703148651377712675
011620161           118531135111086109841108911505122461315314138149631536915363
011620162           151121484514641146211520815920157481514514844141101323512313
011720161           115681112210876108411096311295118781249513261138981437014665
011720162           148231486214862150681591016702165381603915557147101375912782
011820161           121211173811592116441200112837141411518515985164781673216820
011820162           167231673216715168721770819014189421853717886167471541314273
011920161           135971326413137131991362914810168181779017796177241770217641
011920162           175211749717479176191825519443194511903818367171571569814472
012020161           137251331313152131801354014656165991755717489172391699716722
012020162           164441636716300165131736518621186081819717533163921497813801
012120161           130641272412575126371304314220161981720317084168081659016370
012120162           161041601115967162141707418426185061815717549165201521714082
012220161           133881305612952130281342414530164061735717296170331679916563
012220162           163021624816320165071718218081178961739216823159971493313857
012320161           130931263012400123301244012835136121449715474162661666016838
012320162           168581672116589166341720318047178361729316641158161480613821
012420161           130811259712384123281246712751133431395114689151451526615256
012420162           151281494414910149711564916878167541668716050150391383112804
012520161           121841186711828119671236413638156401664516583163651615615883
012520162           156021544715394155821634317755178311740016696156201427013127
012620161           123871206011887119191231013474153731626216217160891600415811
012620162           155571535815209153641613317245171751666715986148801348712265
012720161           115641119011009109901136612475144031548115578155841554715361
012720162           150851502515021152141588817157172871695116357153701406612946
012820161           123231199311883119801243713626156841657916396160301569615391
012820162           151651510114990152151594917213173171694716330152631397512792
012920161           120231163511434114421181612842146681579015877158291575415581
012920162           154821549915364153981587516783166891624015698148931386212822
013020161           120561168911474114271156812016128221359014261145141459214411
013020162           141851387513699138991452815707157511534314850141641326212326
013120161           116101111210879107601080911121116461221012967134611344613381
013120162           132971315013045132051388515293155281508014459135631245311426
020120161           107241041410280103461078511905138621480814835146941458714527
020120162           144511437814289144331511016314163281590615192141641288411747
020220161           110881069510636107051114712366143811529515155148831466014426
020220162           142181413414036142081488616250165461618715624145671326812130
020320161           114611109610905109401133012408143591538715593157631589215888
020320162           158011575015616156251610816809166551608715287141391275211553
020420161           107941036010115100831039711470133381440214631147231474914610
020420162           144201436914352144421494416007161141574815156141771292411833
020520161           111551077810639106831108712197138481501515706163211673516878
020520162           167311650516083157841599916953171631666416094152441421113204
020620161           125331211311934118831202912498132591402114744150761507414846
020620162           145131423014044141251462315862161411572015254145921373612849
020720161           121581170411474113981148911794123471296413637139921404914007
020720162           138911372013640138671459615978160301531714795141451333612408
020820161           116291125311135112371172512858145111565316311168551728817561
020820162           176181754017289171661752718655186921809117260160691474613594
020920161           129131255512395124441279613886156471656216891169121682516705
020920162           165001636316144161031656017755180561767217036159641465413488
021020161           127871244212281123281268613764156011650416627165971652016306
021020162           160821603715943159691634817437177111733116741157351442213273
021120161           125861220312053121371253613670155941655216707167351669516661
021120162           166021656816506166431723318496190541884618403174231612114990
021220161           143151396213822138581422515311171411801218026178191760717225
021220162           169841687016806169161735818302184361798417432165891548714476
021320161           137881336213140130721318513568143011506215886163421642216321
021320162           161751598915957161991688318278188871872118403177841701316170
021420161           155901525915113151071522015583161591678617582180251813618086
021420162           178951753917303173451788219062195331912818583177061675615855
021520161           152051488114764148031510915871170181785518304185251864918609
021520162           185161835518271183101870819561195301895518136169491560114394
021620161           135751307812788126431287913681149551575516215164341648616434
021620162           163871636416233161891653417192171121652015768146581344712342
021720161           116911138011255112921167712717144021537915549154491534715242
021720162           151291511415047151561567116747171881683516253152901405312943
021820161           122541190911784118351223913303149601587715971158591571915551
021820162           153621526415191153541594217178177651746916949160621489713788
021920161           131241278312636127001309414123157011652116476162211595115655
021920162           154001534915356154031579116699169231645615888150641404212947
022020161           122001171611423112901135911696123391308113919142661406113729
022020162           135121326813033129901334814293147571438313906132291239511496
022120161           108271040810169100721015910486109551149012147126741294213119
022120162           131621307012976130301358214754153381497214390134141237711416
022220161           108071050710423105121097312202140651492914868146751459914459
022220162           142701417414078142151479916026167471643215847148621362312550
022320161           119321161311484115501194213099149311581415930158721584015790
022320162           156371565615680158021628217226175831709916364152521388812738
022420161           119771158311384113551170712713144741547115876159931611516108
022420162           160141602415982160201634017029170551650715734146251320311994
022520161           111581065810380102761052111481131901410014281143401446914405
022520162           142981427614240144461496215773160641574115178142341306312000
022620161           113341097910846108971130412417141671510415216150751496914821
022620162           146531456814482146241513616158168691656916105153741438413399
022720161           127011232612119120761221612672133011394414453146281454514254
022720162           139041356013381134951401415030157441543815002143161342512492
022820161           117541128811018108931096111245116911228812937131881313813058
022820162           128971264712528126921322714316152211491714338133981232411404
022920161           107761043710311103591077611939136511446114425143031442214566
022920162           145791452214317142281450815367161591580215152141011281311688
030120161           109901058910480105461101512263140451486414773146261462814473
030120162           142261414614037141171458115603164561619115595145171323012043
030220161           113091089810697106681098211989137641483515122151421511314998
030220162           148451471614552146051517016254171981703616503155311430213189
030320161           125761226412127121721258913772155251625016112158301567115443
030320162           152051504314899150081555016551173411709516598156021433413226
030420161           125111212411958119881234113420151551608116359164591644316185
030420162           159111581815705156881583916657170821670916206153651428513266
030520161           125131209911871118391199712488131411378514311144791443114251
030520162           140071371713562137561423415034157431543815001143461348912568
030620161           118901150411285112331134511698121231265813122133711337813300
030620162           131861296312826129671356714656157601560115099141581308712122
030720161           115271126211187112821171312906145421531015415155631553215384
030720162           150911492114862149521528416006165181610315382142561296311814
030820161           111691083110683107361116412316139801467614541143241419014061
030820162           138431377413649137011410914912158501558614970139161261211497
030920161           107981047110324103321068711787134451425714189139761393613886
030920162           138381386313851138951413314644154691519514500134241211210971
031020161           10300 9900 9661 9686 993510969126511370714047142201440614484
031020162           144831451814396144131465715218155771516914501134271213910965
031120161           10236 9810 9584 9567 988110869125601359213847139361397913833
031120162           135681341613284132401348913982147121444313957132041223511274
031220161           106031023410032 99941017510628112141192712434126191260912448
031220162           121971197611898119701234813075139591369313256125721170310825
031320161           10196 9992 9788 9596 9563 9736101561057311207116611188211967
031320162           119361180011673117301204812623133191405513697128231171110689
031420161            9954 9599 9463 9497 985310926128681406714442146871491615026
031420162           150531503514899149121515315603159601614515521144411308811893
031520161           111021069510483104431070811733135671470814963150741515415101
031520162           149131481914629145511470515088153621567115185141471281011629
031620161           108481042810246102231053611545134011442414541144901441214233
031620162           139941385413645135791369913995145311512714713137731248011305
031720161           1053510134 9933 98881019511206130881414114319142351398113803
031720162           137121379413725136491383114078143631480014502136101239911312
031820161           106031022310043100371035511316131221412414188141461417414115
031820162           140031388213749136271368013866141241468614474137981284711851
031920161           111231071610545105041065211104119091267113271135201348013257
031920162           129511259412336122641241712876133871415314087136041282611961
032020161           113091092210754107211079911100116581224312804131141317713173
032020162           131071301312941129921324713843144441511314778138661275411752
032120161           111141081910747108361122312241138261492815631158291580715642
032120162           152861499414659143401437414772151741588015605146161329512162
032220161           114681111110986110341140012493144071532215230149911473914484
032220162           141831399913745136471384214289147261545215206142611290511711
032320161           109551054510324102801058811587134631452614726147711467014489
032320162           141871402313842137051390314333146541506814699137151242011297
032420161           106041023210050100791043411522134011444114561145331451414480
032420162           143831438514303142531442114760151001549715131142381299611874
032520161           110811064410424103521058811397127651380714483149061511415087
032520162           148671465314332140101400114210142881448414149134091246311485
032620161           107671033710142100861020510577112821208512998135091356713416
032620162           131341274112296120631218412607130651383513904133771254911619
032720161           108581040310156100491009410355108591162412583132501338913139
032720162           125871187611313111261125411670122951342913612129481193010998
032820161           1037810060 9918 99551031111381132851451415019153041554315617
032820162           155321538715126149451496715191153291565915260141901283311649
032920161           109251055810410104251077811856136961464814738146401453514305
032920162           140571391713689135851375714166146091536215310143541301911872
033020161           111641081310655106911107812217140881493114753144341417513913
033020162           136381349013304132171342813823141951499714889139401262311507
033120161           107741037510144101321045011491132481409714075139711397513964
033120162           137721369213547134981362713842140341465514437135001219111034
040120161           10245 9816 9588 9558 979810739124521353313970142781447314518
040120162           144581435714083138341382013913139041423113987131381205310952
040220161           10120 9635 9358 9235 9303 9645103181117212157129721340513586
040220162           134451316712915127771283112907131381355113443128101200211115
040320161           10374 9947 9743 9709 981410179107581151612563132511359113670
040320162           135681344613315132091343113885143501512615178143001314512119
040420161           114461110010996110541142712523143261545916017163131654216636
040420162           166061651516255161671628316547166791696316598155101413612989
040520161           122321182511672117041210013226149921596116055159381579115600
040520162           153071504914716144991459314939153301605516123152071391412789
040620161           120541175611648116991209513232149711581015635153451514314923
040620162           145821441914260143961481015286155601597515708146801327912061
040720161           112791085210609105651085011862135911450414678148251489714935
040720162           148821491314855148961507615154151301523914889138631257111408
040820161           106781025310054100411034211380130891403914159141941425814236
040820162           140381391513793136931383614089142591462114559138531288211855
040920161           111451077310597105541071511156117741249513030131681309512896
040920162           127481257912517125731281713190134311387213859132821246811635
041020161           110391069210534104821058510912113361191512441127291276512695
041020162           125131223512032120231231212821132791402114168133991224311225
041120161           105391021410069100921044611559133961457014905150201495614851
041120162           147091449814267140371411414421146811502414791137231236311197
041220161           1044910053 9863 98181011511105128341396714361145781477314812
041220162           147191462114333141071411814233142691467214820139131264411508
041320161           108151048310359104031077311895135491436614273140441387913685
041320162           134631333713148130511319313511137921442014647137621253311405
041420161           107251037410224102601062411710133321417614097139241377713589
041420162           133891327213086130011312313421136641422814529137001247711390
041520161           106811033410190102211057911630132001405814038138691370313512
041520162           132851314412936127781286613024131401354413794131411212111102
041620161           1040710023 9834 9795 994110352109181162512175124151239712208
041620162           119671167711444113901157511936122251267612979124361161310746
041720161           10102 9735 9553 9512 9610 9913102951082011278115601159011516
041720162           113831120511074111271144811946122671274113052123001123610295
041820161            9667 9363 9242 9236 957510492117581271813115132721338613350
041820162           132331321013103130521320413449135411385113884129251166710585
041920161            9905 9505 9322 9300 959110518119961310713514136261375913694
041920162           135551343113223131501325313478136121392114124132371199210857
042020161           10159 9768 9591 9565 988510818121351311213344133441333013238
042020162           130971304812937128621298813227133761371714030132181195810871
042120161           10163 9816 9637 9640 999010942122521317413345133741343113403
042120162           133271336213301132881337213492135011378014015131391188810763
042220161            9974 9529 9318 9266 950710322115531274113370136631389213966
042220162           139231401013961139401391413892137571387113836130781201910982
042320161           10165 9665 9391 9255 9299 9604101001093711869124611266012612
042320162           123531200711736116751180412051121781239012724121621129510371
042420161            9667 9269 9059 8973 9051 9271 96061021910825112331136911386
042420162           113431119311089111501148212038123781285913213124081129710298
042520161            9657 9308 9199 9221 957710594122291335713677137821378013680
042520162           134801346013370133111340113633137911409914180132151185910682
042620161            9956 9550 9370 9374 968010669123231357314061143661464314777
042620162           147671471214507144201455014835149131500514944139741262711438
042720161           106921030510130101661050611534130801390613789136091348713379
042720162           132211314313028129351307213319134621379014233134061207610888
042820161           10168 9782 9613 96701004811079126511351713520134231337413261
042820162           131181312613081130701321813446136301401714246133951209610928
042920161           10201 9808 9624 9637 994910885124071341113544134961343213288
042920162           131041299212801126901279812945130111332313643129851195910917
043020161           10133 9694 9485 9417 9544 9876104171115811711119041188511771
043020162           115971141811343113591152611799119881225112694121991136410471
050120161            9782 9370 9158 9085 9140 9347 96771040911242118511223312499
050120162           125681253712491125921288213320135431374313705128041165010605
050220161            9957 9598 9449 9484 982710860125791377814174143811461014705
050220162           146601454614315141991431514563145661459614548135721221211021
050320161           10260 9837 9645 9640 996310968126431377914113142441423914327
050320162           142541419914029139671410114317143921451814549136181223611028
050420161           10302 9904 9689 9668 998310964126141373014032141881432514344
050420162           142481422914150141481435114667148021490514821138371247311270
050520161           1049310076 9869 98581016911181128521402514337144631456614549
050520162           144121439214304142911440114585146401476414735138251251511343
050620161           1053310087 9856 98171009311025125941364013896139691389813714
050620162           134591342213318132771334513486135631369113803131481211511035
050720161           10231 9767 9498 9420 9503 9811104031135112258127851297512952
050720162           127331250812361123271241212578126941289113107125841168910736
050820161            9981 9516 9248 9131 9151 9317 96731044811374120791248012583
050820162           125111215711808115801167211965122341257213156125841152010474
050920161            9814 9459 9327 9382 974610766124241344713581135421356913545
050920162           134611343613307132711339013596137121387314228134191202710795
051020161           10039 9656 9477 9514 986610817124181331413372133331337713389
051020162           133301338413331133191347613668136861380914201134191198210729
051120161            9951 9533 9332 9352 968410555121491312413309134161354513615
051120162           135931370013719137231382913954139341399114372135561211010825
051220161            9998 9543 9309 9277 955110381119481301413321135071368013775
051220162           137991393013963140051414414214141001411914464136641224010950
051320161           10074 9592 9339 9273 952810277117901299313519138671412014256
051320162           143301444214374142941427514251140791402913990132621217211058
051420161           10204 9714 9412 9233 9287 9469100411092811734122061240412437
051420162           123721230512298123681250412638126551272513047125171159310596
051520161            9814 9328 9035 8887 8865 8923 92481000410813114051169211777
051520162           118131177611790119211220312543127141287313180124961137210340
051620161            9697 9363 9233 9273 965910612123051340313719139011391713817
051620162           136711358113404133211345013705138241389114208134531208610872
051720161           10115 9704 9516 9497 980710688122781331913565137061377213675
051720162           136191373513749136541367713820138041383914121133951200210758
051820161            9982 9582 9380 9380 964710400119911306613335134641355613478
051820162           134061345413387133801350713670136591367914026133391197310734
051920161            9920 9500 9295 9232 949710351119441308813427136111382013736
051920162           136991381013754137551384013876137701380114029133241196410746
052020161            9948 9521 9310 9258 951210273118331291513286134941365113726
052020162           137111376113715136591371413716135571341113639131381202510861
052120161            9995 9482 9190 9050 9092 9246 98651077611626121861252212628
052120162           126071246312293122151227212450124711251312760123161141610437
052220161            9678 9222 8943 8851 8854 8950 92951005810980117281208412183
052220162           121141199811948120071226612653128371292513245126461147010316
052320161            9568 9166 8973 8975 927910131117481294813417137331403814235
052320162           143461451814515145611464714652145311449414643137981234211039
052420161           10202 9755 9491 9426 966210461120681328813731140231427014362
052420162           143451434714224141611424514373142971424514378135911221610960
052520161           10139 9675 9432 9385 962110463121261331513729140401438814716
052520162           149741535815605158531610516210160701592816040152741368812192
052620161           111701056210203100421023910986126811408814836154291600316499
052620162           168841727817521176391762917483171291680116817160161433012727
052720161           116121091410524103691054511215127511402214775153511590116387
052720162           167281705417224173371750117394169611649916469158521450213062
052820161           119481124210806105581049210553111791228813550146291554316369
052820162           170171745117820181021837218474182421784717709171141576514301
052920161           131111226811650111941095710790110551177012736135621413014531
052920162           147621482114852148611488614868146011427414300137981282911750
053020161           108911036110039 9904 994410140105741125712141130291366914080
053020162           142951440114610148811527815644156591561615873152181384412511
053120161           115861106710781106811093211759135551510215905164541692917298
053120162           175921798718269186061890819029186931815717838169021505713310
060120161           121121135810873106361076011408130731443015087155631606616448
060120162           166891697417160173191738317224167201619116031153201369812214
060220161           111891059310250101341033011016126051386414391147391504215264
060220162           153891567615846159951614016072157131542915446146981324611894
060320161           109791047310170100751030911081126191388114460148081504115177
060320162           152311528715210151691513915032148431467314787143981330112095
060420161           111641059210264100921009810242108871186912920137101437314869
060420162           152291542915551157151588515999158331544015419150321393712706
060520161           117131105110616103401026010251106041131912273131271368514015
060520162           141151404113914139511417814481145821453514477138081265311542
060620161           107661033010116100891036111194129071437015163157231618316524
060620162           167821717517433176941801118115178681739917173164601479613172
060720161           120281135010967107831094911713134141484315695163731701417493
060720162           177991815618353184841852818387178761729516919158631418812620
060820161           115221087510475103131045611090126951395214426147521508915332
060820162           154371549115333152781518015020147921454514539140181261611320
060920161           10407 9904 9644 9578 980610489120321322113689139051408814159
060920162           141731424214224142341434114385142061406914163136931239011153
061020161           10252 9786 9549 9479 970310390118481304613520137661397014115
061020162           141891431714343143841452314554143641410314047136771256811364
061120161           10449 9870 9528 9386 9402 9502101311104412004126651304013247
061120162           133791329713084129781309013309133461325513340131031222411230
061220161           10433 9936 9643 9523 9541 9599100601094212050128451332413629
061220162           137191358813468133851345013547134711334613407128921173510661
061320161           10001 9596 9405 9386 964110376119431318413780141721452214701
061320162           147501482214768148461493614997148191468114663140521266311371
061420161           1050410000 9718 9635 985110534120391325213769140721433914552
061420162           146651491215086153441564915837156961540915255147281328211830
061520161           108691033710058 99671017510820123661378214561151331564616050
061520162           163541676417062173531763117735174521697416684160291442712856
061620161           117841113610750106121077611420129081427015097156721620216665
061620162           169661734317629178601809518075177731722816902162671468913084
061720161           119561126010824106281075811287127071403214828153651581216126
061720162           163521661316763168831701516934164811582815451149801373712384
061820161           113101063610184 9948 9902 9958105591156812652134321398614365
061820162           145931474514931152041549515685155071505614767144331334412135
061920161           111191048010070 9846 9760 9674101171096511999128341347414070
061920162           145351486215170154841580015935157331531315186148811363112304
062020161           113291075110422103201055911235127031422015200159371668117315
062020162           178711848618901191781942819408189731832417830170361533913681
062120161           125441184911486113531155112256136941507315905165811732017872
062120162           182081861618850190861929519229187581807117493166931497413267
062220161           120731130510848106261071711260126381405914995156561627816756
062220162           168821687616787168601706017205169381646016134155331403312545
062320161           114701077810401102371039110944122901363514475151261573816253
062320162           166441713517440175561751517435172581691116674161481468213116
062420161           119421121710764105441066511168124521387714868155501606416430
062420162           166701700617248173851753117478169941630115831152961403012651
062520161           115481084310414101671011610177107651179512889137561437214779
062520162           150471525715508157511606216256160691551515139147561363712400
062620161           11384107111028410038 9941 9839102371112212192131431397014685
062620162           153221580216211166451708017408172981682916467159301453313080
062720161           119961134010962107921098711603130571464615730165481733617958
062720162           183761880218936189171883718746182791785417657170151551214031
062820161           129971237511996118411204912770141371554416395169621749117824
062820162           179281813018182181181819718169178761759817489168571543713997
062920161           129371229711934117891196412699141241560816510171801788618435
062920162           188391935819714198851996619879195131901818511178141617414438
063020161           131391230511791115151157512082135051503216013167371744918006
063020162           183991892719229194151959919644193241868818191175951603214357
070120161           131341231811782115261156912039133511492516152171631804318634
070120162           189011913419170190471894718713181971765217365167181535013980
070220161           129071219511709114031126211206115931247613452141251451314702
070220162           147701476414711147391486315041149741457314276139501305011944
070320161           1099710362 9978 9760 9686 9586 99881082611820126451322713678
070320162           140201423314471147351503715214150241462914407141941345512475
070420161           115261088310449102081015710162106701158212673136811451515143
070420162           156271594216241166531711117372170871649916195156751464813452
070520161           124231178711398112741149212195135201491715919166471734917875
070520162           182591866419139197122032620726206042008519511187451701015231
070620161           139611312812598123041234212835143261611417482187601993820813
070620162           214852217422598228572308723139227582208421479205881865316728
070720161           152951438013774134211342613871150941650617495183591921620021
070720162           205632096521056206792045220218197181914018822181301658014994
070820161           138001306212585123741248513055142521549616267167341702117235
070820162           173411746617493174361737817128165841608615875152981410612802
070920161           117741115410733105081048310618110741185712790135281396114149
070920162           141391397913772136381367513821138131372913781133641249611535
071020161           1076010270 9968 9809 9781 9870101581081711748126341325513647
071020162           138961398914043141841442714692147111452814483140361293211763
071120161           109291038310101100581032411023123801374514605151501561115895
071120162           160101625816436166451692317051168941652516352158281433512830
071220161           117541114110758105661072011285126491419315235160741687217501
071220162           179771853819023194181976819873194931881518390177381608014421
071320161           131881240211945117401189212518139671568616943180351908620027
071320162           207782144021800221072230922283216952083520211193321744215642
071420161           143131349012998127901294313641151451678117905187711961420237
071420162           206452098121195213072127421234208732037420112193951776016084
071520161           148451400813502132361336813976154611734118937202072134622086
071520162           225552294823097230452304022954225382183321181203501871416928
071620161           154811445313763132541300412930135131477016261175331857819316
071620162           198302023220512207732089520795202681962719312187381740415978
071720161           147831397513422130731291412855130751382114915161521727718231
071720162           189391934419715200562039120574203741983519547188901726215630
071820161           144191364613099128591298813654151281686418319196862099422023
071820162           227562350823743231242240321836214542103720656197661804616348
071920161           150091417113598133121337313906151341661817449180731866419121
071920162           192821950719600196161958119387187841799117508167311508013507
072020161           123841164511210109891110311653129011436815272159231646016922
072020162           172591776718132184691884918943185501793617703169781538213805
072120161           126281187011391111621130811930132181478915911168581775018463
072120162           190661978720372209292139021529211342051320139193261761115959
072220161           146981383613282129931311413695150681677718083192262048121596
072220162           225372342023928242292441624360238402305122344213011956717768
072320161           163691537214640141491388813867144201577917368187431984620665
072320162           212382160821821219802212922018212112008819267184111692515396
072420161           141041323012618122161198711869121851320914494157061673017603
072420162           183081877319295198222032520701205271991919524187111704215378
072520161           141641333112820125171265113294146521631117649189152032021538
072520162           224332335423794237412348723255226872204721566204971872617016
072620161           156921480214234138721389214507159191769619002200412100921803
072620162           223632303223465237372397023949234382263022004209251890116932
072720161           154241440313737133461332813851151591688518202193102040121329
072720162           220592267223118234152370523716231742233121745206741878416926
072820161           154871450613891135481356314128154401715018557198792117722169
072820162           228562352223779238622386023743231162247722212211971942317761
072920161           164001547414918146121464915289163551751418288187821916419453
072920162           196522011120674211472148121389207731997019544187271729715692
073020161           144351357912980125981244612463129061392415166162211706217750
073020162           183041865618891190471917119147186931824018156175311639115154
073120161           141731343612964126711253712584127871338114282150861564416014
073120162           162301633616403165601683817057169461678216789161411494513713
080120161           128031223811911118031204912810140311539416355171331772518157
080120162           183971862918686185801849918387179941766517539166631521913830
080220161           127911215711783116451181912570138371508115840163311677617012
080220162           170851717717162171761732317475172851682216704159411448513058
080320161           120131136910975108431099311640128151419215149158521652417056
080320162           175021799718416186971892218934185131786617609167351513513586
080420161           124471171111269110521116411778129261438515439162761706517698
080420162           182011874619169195191983019879193991864218328174081575914187
080520161           129901224011760115301161712214133001479215976169521784618592
080520162           191801978020224204692071720643200171916918802179371655415073
080620161           139031310312581122681221512426129041397115264164301737418078
080620162           186881929419777201952047620527199781930619012181381672915223
080720161           139711305712403119761174311646118061270913955150831601716805
080720162           173901774218032183861880019062188921830918085172191571514249
080820161           131111233611877116641179912390135111499416109169551769818349
080820162           188771941119792201052043220548201471936718951177691597114318
080920161           130851230011803115281160812232133631483315889167081753418284
080920162           189271967320235207022100021031205081980219474183621666115026
081020161           138261305912598124101259013421147771625717333180571858718868
081020162           189271904319226195471996120220201861998820158193091782616341
081120161           152441451014070138621402614834161641789719362205602174322770
081120162           235922440924744249132510025028244742397023647223342041018590
081220161           172041620615600152471529415955171391869720141214712278423890
081220162           246782528625596255612513724505236482293122484212211961317997
081320161           166891578715180147591453014522148421580417046181781915519862
081320162           203582062820792209242097720825203821995219756187591729915887
081420161           147411395013440131781308713203134761447616028178221956420915
081420162           219072257823006234052379124070237302312522742214241967017917
081520161           165901566515023146191463715228163001774218945199422086621579
081520162           221302270623089233032343323261225952176521311198711794116144
081620161           148161395013389131031322013935151571651817558183831924520094
081620162           207822138421569215522163421705214242116921080200251851117098
081720161           160991547515133149921519515975171871854619327197182022820511
081720162           205912081721003211042111520863201441954819351181961651414901
081820161           136791291312449122351237813093143151554816422172961833119196
081820162           199632080021438218202208822113216182096720744195591786116161
081920161           148851402213485131931325313886149751639317561184921933920058
081920162           205412103321339215242156621251204861968019322182021670415161
082020161           139291310412553122061210812284126501359914813158921689317640
082020162           181551836718504186641882918895184481790717788169331570814459
082120161           134391276312292120111192012019122201303614182152421612016908
082120162           175221798018404187751905419151189141881618804179081659515301
082220161           143271365513226129951299013587145751576716717173811780018052
082220162           181511824018261183011828618088174381681216557153681387012432
082320161           114851091910560104171059311270123781361414480150721560215999
082320162           162821669917009173091764517803174831713316996159191445313059
082420161           120671147911095109221110511853129841427315321162111705117788
082420162           184431915019722201592053020516199581952119291180111632614727
082520161           135001278412314121031225013007141731560916760177151863519434
082520162           200902065420902210142113620886202812006419853187571720015671
082620161           145361381213379131821332614076153811689218151191192003120897
082620162           216572229922667230302322923019221932136320794194261772516005
082720161           146341366713007125411232912410127081367814956161391710317838
082720162           184351882519124193751953119475189111837718078170731575714421
082820161           133551258312069117361157211623117841256013804148651578716592
082820162           172791786718391188451921319374189891863618386172441576114361
082920161           133591274812413122981257113520149391630117309181691921220055
082920162           206372115821465216042163721395206061986719287177081584014098
083020161           129131213711631113881148012184133991456715466161961687117419
083020162           179031850718940192681958219600191531886618492171381549113982
083120161           129391228011895117411194812880144361566416545173081799618498
083120162           188461914419185192931944419468192871950919264180841649615000
090120161           139841331912919127281290213791153811645217063175361790618103
090120162           180901813318139181961827018257180061808317887167271508013491
090220161           123551165211211109631108011799130061409914954155871607316431
090220162           166171681716914169821707816964164241626315945149731374612478
090320161           115251091010520102861024210454108041145112333130461342613685
090320162           138201385013868138961406214190141591434814247135121253811517
090420161           1070110166 9843 9660 9629 9781 99961058811496122261267612969
090420162           131801329513436136541396414186140641416913995132401229011312
090520161           1054610023 9730 9588 9641 9938103251087511743125621306813266
090520162           134461359413754139631433414736148391513214943139061258611491
090620161           108301044310253102271053011553132741444915075155711598316217
090620162           163451653316628166951681916955169251714716761156631424712985
090720161           121181161611345112431148612496142581545616080165961707717476
090720162           178311814418317185341875418786185741870918305171201554514088
090820161           130591240912037118671205413026147591592316591171881770218188
090820162           186411912519518199022031920412199982011419442182071662415136
090920161           140291335212954127881303014033158411710517966188361977720816
090920162           216292229122693229972314222735219192154920738193111761615942
091020161           146871374613154128051268012925134301423015319162561699717480
091020162           177831802718355186511883018768184351854418180173201617914973
091120161           140511337212933126871261912840132631398715050159771618316113
091120162           161701630916507168051702517164167971669216084148001339612061
091220161           111001049410160100321023911134125891356114086145241492515176
091220162           153781566515902161551641216573163431643115873146011309311821
091320161           109401043210167100541029511174127001372714312148221532515704
091320162           160341647716835171341745717542172241737516802155461401912668
091420161           117471120910888107941102812006136441474615500161991700417685
091420162           182591893919442196261964519241187631862217673160971422012628
091520161           115621089510491103111043311279127621368514078143761464614815
091520162           148391501115075151811538215475153121555415030139081252711289
091620161           10465 9983 9738 9663 989110763122981328113711140701439614571
091620162           146491479514825148961506115050148191500214489135741243311290
091720161           10483 9971 9657 9498 9530 9859103961112111966125791287813045
091720162           131261317513335136341397314250143161470814360136491274311814
091820161           110971062410345102281028010526109451164812760137361447415049
091820162           154821571215833160341636116782171111756917064160031465813480
091920161           126191210711829117861211013191150061617616801173271773017881
091920162           178041769217454173041733317515176501786117187159881448813143
092020161           122481170411400112941155312550143401543415960164071685017257
092020162           176281816718561188531901718939187511897518199168131513913636
092120161           125881192711511113031144112358139631489615410158311630416673
092120162           170521745717704178621792117721174531759616795154481385412443
092220161           114601088110525103831058511454130361400614562151171573016200
092220162           165921709617490178111806417949175631764116850155521402212616
092320161           115861093610555104241060711462130411405614625151191552515838
092320162           159501610416205164321670116608163951626515457143861307711839
092420161           1090310295 9922 9732 975010057106151131012042124621264612694
092420162           126061247912417124991273813033132011348013035123131139310455
092520161            9766 9307 9063 8931 8950 9182 95781017310917113681156211630
092520162           117041171911764119841243913050134941391113304122981112910154
092620161            9535 9188 9040 9062 939510437121871314013351134361355013600
092620162           136271373513768138521411314418148491515314493132631205810979
092720161           10179 9762 9568 9561 986710863126801384314268145441478914841
092720162           148421492214900148931502715210154251573914993138221240611180
092820161           10418 9982 9747 9653 992210875126651374214114143371449814543
092820162           144811439414243141571427514557149401504814416133201200810849
092920161           10107 9697 9476 9434 969210650123631330113550137031380113807
092920162           137071370613649136451382214085145811486014267132491192910803
093020161           10044 9617 9425 9390 966410585123161331213675138821402114071
093020162           139801400413899137951385214024143461431213777129671191910868
100120161           10100 9634 9380 9275 9341 9681103541119312173128521318813267
100120162           131841301812879128411296313229136251361113124124221152010626
100220161            9896 9438 9172 9052 9076 9296 97821043511347120971250412735
100220162           129161293512867129041318813600140941410413464124991140010416
100320161            9774 9411 9242 9250 955510550122721335013795140231421914349
100320162           143981448914563145541462714871153301542314689135611221411074
100420161           10281 9835 9603 9547 980410769125471361613943141111425014300
100420162           142521421914091140531416814420149501513614455133471199810876
100520161           10084 9640 9430 9396 968910693125081345113625136801371113686
100520162           137081382913810138771408514398148971507814409133241196510835
100620161           10053 9652 9429 9414 971110719125561352113712137351379313820
100620162           138461400414061141581438514620150101512714489134411212510966
100720161           10160 9702 9478 9435 967510570122731328413610137721394614085
100720162           140801419714222142141434514439146811462813972130921200310924
100820161           10121 9628 9345 9226 9274 9607102541098211813123611257312588
100820162           126291265912654127221292313368139551385213379127161181310905
100920161           10195 9719 9438 9296 9290 9464 99291056511499123291284613167
100920162           133381328413166131031329813620139221379213220123021146510584
101020161            9814 9371 9185 9169 942510158113521228112937132191326413162
101020162           130561299012928130161341114052147981489514253132211196710819
101120161           10096 9721 9566 9577 991510985128831389014014138591374713654
101120162           135271355513505135871385814333151191512514433133681205310897
101220161           10182 9787 9600 9609 991210890126801365413845138391382413768
101220162           136891371313692137481399414412150951511114423133381199810874
101320161           10127 9720 9522 9497 977810783126371363413845140221414614175
101320162           141461430014336143491445914854153461519814506134091205210893
101420161           10115 9663 9443 9421 970110639124651347913666135981350413366
101420162           132161318313123131711341413795144081435713863131121212311109
101520161           10336 9898 9698 9642 974310171109751178512484126751259912395
101520162           121621194111817119011221812755135621355913122124811163710755
101620161           10044 9601 9375 9291 9343 9625101621076611510119811215012202
101620162           122691224412219123251275613380142581415613522125511140010424
101720161            9777 9420 9284 9286 960810640125001351313823140691434114522
101720162           146261477014849148781504915442160231576014998138731248111283
101820161           1048610055 9827 97661000610937127481377114114143591456714683
101820162           147291484714874149911516315383159721580015103140101267811528
101920161           107381029910061 99801025111240131021413814515148181514015259
101920162           153191545215488154901555815577159991572514977137441242511258
102020161           10358 9835 9569 9476 969210613124271339413640137871391014028
102020162           140961421914201141841429514724153381508714419133991217011035
102120161           10267 9857 9660 9621 989910832126281381614306146531494315111
102120162           151741528615162150521509315319155661514214525137211266611603
102220161           1076610269 9944 9750 972610027106941150112387130911343313499
102220162           133491312812958129411307213449138481355013077124421161610761
102320161           10062 9637 9365 9226 9274 9537100891075411543119931214312154
102320162           120641196711951121561263713323142251404013563125801148310497
102420161            9860 9477 9314 9316 962110687125861368513833137621378213726
102420162           136281362813543135671385114476153371511214449134221212411008
102520161           10317 9918 9775 97841009711178131551418914259141211397213996
102520162           139231392813853139171423514958158401564415031140001268411507
102620161           108101041910242102491059911666136431469514745145381436314189
102620162           140521402513963140051434815125158911572615216142121292211810
102720161           110621069410519105411088211977139171497115116151161512115126
102720162           150761510115056151111543616046162981592815302142521287911688
102820161           108911048410234101681042911375131911434214548146211467214616
102820162           144971443614325143201454815033154061501314445136651263811590
102920161           107661028710032 99411004010455112281203912879134461355713432
102920162           132261301812965129811318213781141561374113225125751175310842
103020161           10141 9690 9429 9307 9315 9543100521062511398119441220312333
103020162           123741239212472127501329014078144201406813461125191145510521
103120161            9894 9527 9376 9400 975910872128421404014155140951407313935
103120162           137971372813596136351398014551149361464314355136291241211386
110120161           107591042610315103501069311810138151486914855145511429214017
110120162           137591366913577136351406214949157811548514817137911247511322
110220161           1054510115 9903 98401013811146130311407914117139951394213852
110220162           137811382313857139091414114819154871513514415133691211511019
110320161           10302 9813 9556 9511 976910760126071374613980141791435714454
110320162           145171454114459144051455215007154021502414351133231205110913
110420161           10179 9764 9556 9499 981710804126751379113951138781384013693
110420162           134461332713185132391352914163147751444313947132381229211299
110520161           105981022610021 99521010910606113721220612985134511356713291
110520162           129781270212464124601285813641141081374113272126421178410921
110620161           10227 9645 9399 9341 9469 9857104601128912074124531254212618
110620162           126901276612808131251405415025147761429413589126231155510735
110720161           10233 9955 9893100021048911762136531443914363142121410813979
110720162           138181379413824140771498316139160181556514883138441263011576
110820161           109431061110457105131093512084137151440514321140751388513771
110820162           136801373013792139421471015670155351506814377134141228211385
110920161           107981039110143101101044411514132501406814161142011438614384
110920162           143491439514350144731528215918156591515614418133421205211027
111020161           1042110113 9980100301043111588133921417714131139231379313661
111020162           135371362813705139311480015713155211506714446135321237911301
111120161           1059310174 9961 99231022011040122891316613540136511367613593
111120162           135111348713522137551456515469152171471914202134721252711643
111220161           110121060210410103701051910994116861242712977131401303612847
111220162           126361247612517128611382614828146361417313706130401220111351
111320161           107161030710064 99591000910319107991137911959121481215912090
111320162           120841208312206125781364014781146391417213636127031173010848
111420161           10229 9891 9804 99141034811516133501421414114138951378313693
111420162           136411369813767139881494015874156321513314427133691210611042
111520161           10346 9961 9787 98071015411216130451401114222143311451914634
111520162           146151468414721149561571916205159241543114674135631221411097
111620161           10385 9987 9779 97431005911078128731381114038141281421014174
111620162           140881409714036141651496215769155771511914459134381219011100
111720161           1041010040 9888 99371030511350131451402814136140491398613922
111720162           138481385913806139581483215718155531515314527135611232211259
111820161           105611017310004100121037611457131981400613985138181369313556
111820162           134281351613569137491448315231149301444313894131251213911183
111920161           1046310047 9845 9802 995210432111891196212553127581270812548
111920162           123741226612307125791356214369140951363513121124541159810738
112020161           10092 9695 9481 9420 9516 9825103781113912059127291305313255
112020162           133931351313688140401510615792155901517014643137071263411671
112120161           110831075810649107261115212309141791514915392154491544615400
112120162           153381542915402156661671017517173341689716203151071378812579
112220161           118471145011266112891166012799146221547515408152281507814915
112220162           147651481814917152371628917166170281667316071150761381012644
112320161           118851146211250112521159512621142241516615369152841514714942
112320162           146861465114703149361600516765164981602615442145921343612338
112420161           115131102510738106181072911162118761274313852147061511615167
112420162           147461403213396130941331513346131671303712882124911180711090
112520161           105181017010003 99731016810752115391225913031136011385913935
112520162           138921378513741138661465215036147111426313764130881218211287
112620161           1056910129 9905 9817 994110322109931171012579131871344213385
112620162           132421308513049132471425314907147021431413888132891244211587
112720161           109061046010212101261024410556111101170512424129491317013239
112720162           132861334613507140041524815981158301538914906139331278311801
112820161           111731086610772108411127512452143381529615255150031480314597
112820162           143881436714423147731602717090170591666615983149171358812396
112920161           116321120510980109521126512316141581517515376155501569115779
112920162           157861579515740159301662716989167221616515377141801276611539
113020161           107001025710048100391038411452132931433514529146271475414886
113020162           148941495914986152661612316613164081595015264141901284011648
120120161           108451040410165101201043111445132441412814127139981400514010
120120162           139661406514167144871554616257161471575915197142741297911804
120220161           110521066010469105021086611938137621466414691145041435814237
120220162           142121433214317145121550816188159281549614979142051315612063
120320161           112201076310529104621059111060118591262213297135931366613707
120320162           136291357713596138771498515749155311514814692140481314712227
120420161           114871099910757106761076011092117101236013076134921350413401
120420162           133861338213531139551550716542165061618515642146551340112339
120520161           116541128511141111881160412810147331588816215164201654516496
120520162           162771606415767157961693417897177211727416560154321396812664
120620161           118401143911272113051169912846148321569115601153131508514899
120620162           147361480814945152921657517435173011687716192151001367112385
120720161           115661115810982109921137412469143381536715561156171562615491
120720162           153691536715322155291659317341171581674016091150411361412340
120820161           115371114410965109831135912557144731541015518154571542615372
120820162           151971514215125153411654517441173441701516460154861413012919
120920161           121131170411554116011197213073149511591915959158011568215543
120920162           153821540215489158361710517942177251731416794160041490013727
121020161           128871244012224121701234012807136611449515209155191541415194
121020162           150201493414996154011668717511173191691116471158541494713940
121120161           131801273112505124291252812877135011421514902151271508914949
121120162           148951494715089155431697917748176241719016569155151419113034
121220161           122691183411670117481211613127147071585316416166521666916562
121220162           163001616216030160311712418143179971755716855157381433313045
121320161           121431168711507115401195713055149661594815898155741533415098
121320162           149191500515159155651695717837177131733616690155971411312774
121420161           119231145811240112751166712795147531574415714154551514014900
121420162           148571494915066155291701718103181101783217305163351492013578
121520161           127151227912063120891245413560155801661716731166531651416493
121520162           165831685216978173631871819647195891933318896180141663915332
121620161           145551418214093141471455615570173741841518564183181809817845
121620162           175111742817428177071891019609193651897118428176521649615158
121720161           141881362313300131901329313652143661519516182170091740817487
121720162           173371699716658165601744218018176261704116414156401460813429
121820161           125111190011560113851140511654121401281613721144241477414923
121820162           148811467514681151341628016883168211656416170153051415513060
121920161           123491203511970121021257913771157641700417329172731686316532
121920162           164031652716628170311838919415194341912818555175581610814777
122020161           139231349613347134121380814948168641792217915175281714116808
122020162           165641648616482167801798318974188771848917888168931541413985
122120161           130671259112372124071280113920158391685116875164841606515760
122120162           155711562115709160591731118211181331781517263163081492913572
122220161           127421226412033120011231913346151051625316570167261676816652
122220162           163101605915800158371692217843177541740716872160021470413364
122320161           123961185211606115711186312748142671525315524153701508014753
122320162           143631425314331146851599816981167981640715930152201417312978
122420161           120421144411131109941104011383120591298114076149631548515792
122420162           158091549914990147441542115861153121476114392140431343612629
122520161           118111124810948108421089211168117551248913106132611319213117
122520162           129901277512692129081380314550145791456114496141641348812663
122620161           120401169611573116171184912381130951370814262145941471614759
122620162           147811476014889152311633717009167261625015624147061348412281
122720161           113761085810572105051072911439126111357014227146751488314813
122720162           145431441014328144941551016563164171598115442145711339612283
122820161           115281106910874108611115011946132401428014877151161526715374
122820162           153001532415307154751644517361171781675916177152951411512981
122920161           122011177111574115701189112693139491499415659161531647816668
122920162           166811670416601166541741917914175341692016246152671404212880
123020161           120591157511351112911154312249133901427914788149831503115028
123020162           150011495814889150871610817074168451641615927151981419513186
123120161           124251195911708116481176412139127671342914107146971510915231
123120162           151011485214810150681612516764162951555014845141721342312696
