010120171           120261148411074108621083111004113771173112219126041283812920
010120172           129591293213016133141448815617155641523314798141631331712470
010220171           118441145311293113231156012088128551346514109146791501615109
010220172           150701502015007152441632817241169571643215710146511334912212
010320171           114931107110891109051126612336141811527415532157171590915984
010320172           159871601315932160981699417607173841682516034148831349412279
010420171           115191109110882108921122512249140401505715224152381521415146
010420172           150911508414959150821602517042169901660316019150561378812718
010520171           120731174011623116771213113273152171624316246160751595215885
010520172           158821579215754161021714218146180741765116977159361459213382
010620171           126511221912041120611242513417151901634816551166221657816379
010620172           161331600415953161221694017796175951714316575158221481513827
010720171           131181268812482124331256812964136931454915435160721649716791
010720172           169191692116902170321777018534183021769317023161721515014160
010820171           134221296512766127411288113236138351449115226157231597616080
010820172           160781600315942162321732318482184041796217361163971524614308
010920171           137271348613435135421398915144171391821718296182241812417983
010920172           178071774017620176911845719592195521914018479173531598514810
011020171           141171372713561136391402515115169681788917960178151759817350
011020172           169851674516611167371757618456182171768416929157371435613094
011120171           122481174511517115051178912743144551547015352149591470014508
011120172           143871442014509147141561916728166481624415607145781321712090
011220171           113641096410740107041100611988137671482414931149131482414748
011220172           146841467914610147831550316287161261565114983139791272411575
011320171           108621045210257102451055411571134151447814587144891446914334
011320172           141901420114320146791561616681165891624915788151031416813226
011420171           125581217611977119421209612593134221427014960153631537415142
011420172           149781493315052153141613516911167471630915741150141416013288
011520171           124851198311751117071178812082126391323513829140861411914020
011520172           138761371613750141511516516415164351596815571148841395113097
011620171           124911217212083121761255013443147121566516101160591588915624
011620172           153561522415202154601634817567174271691416196150991379012673
011720171           120251166611515115611194713034149291592015910157371556515406
011720172           152281534015474157111648817357172401676416049149871367412561
011820171           118441145511253112511159912627143841551415846159661606416094
011820172           160351599015849159081654217381172351676016070150211368812562
011920171           118391143711261112651164412681145491553915518152951512614951
011920172           147571478114810149941574816686166001618215529145501326312171
012020171           114781112510973109891134512351141651522815482155731562015445
012020172           152551532815206152101571916412161571564615060142411319712187
012120171           114141094610692105961067811071118171260413436139831413513911
012120172           134691307912936131211376714863148001435213876132231239911551
012220171           108861045710239101541021610490110281168512495131231340413566
012220172           137431381813949142351502815819156221492014378135441256711535
012320171           108921056410429105121093612086139791514515404155511567515752
012320172           157481579115777159551666617568174441692616181150831377212672
012420171           119741156811404114171174312673142211530915819160791632116429
012420172           164371640616257162561676517555173631682316035149331361312488
012520171           117381132811138111431149812579144631544415490153791521715008
012520172           148061472714717148941550816716167931637315740147241341712244
012620171           115191111010912108911124412284141231514915293153291537115225
012620172           149701469114607147311534616433164791608915494145141327212192
012720171           114991110310915109211127012319141171509715236152141520115094
012720172           149561496814914150541567216502163161583415292145371355312562
012820171           118511139111150110911119511607123861308713742140811416914260
012820172           142501418214174142711478315678156071517914683140621324612377
012920171           117311131911088110021106311330118571243913066134061351013569
012920172           137091371413683139011464515954161271573815168142521320112248
013020171           116691139411324114151184313021149841598616045158471558015442
013020172           153711529215182153701610917445176331721916594155581431613272
013120171           126861238712295123741278613930158671675616557162541620716311
013120172           163691648916511166241716218278182821775016952157981442513261
020120171           125631220612055120701242013484152711616916296162731620215934
020120172           157131553215293153691591717098172381684316202151701389612807
020220171           121601184111720117711216813305152471615316115158881556915318
020220172           151901518715185153211592917153173891704316506155241431313185
020320171           125451222012094121431253913643155201641216361161761605015832
020320172           154781533015238154141601517071171001665016126153931441313422
020420171           127651236512204121571231312777135881432914896150131494814756
020420172           144891423914185144061506416297164961612615646149491404213123
020520171           124241198711759116631174112027125901320813977144101458014706
020520172           147051452414427147391530516372159961509414585139731320312578
020620171           117121125211108111801159412691145561546315493152421509514971
020620172           148131482814873151651589017088172771684716148150461373512639
020720171           119631157911425114321179012818145891566416126164491667316762
020720172           167071667816559165551695417814177061715116376152531392712830
020820171           121171173111543115521190312925146341558615876157341538714923
020820172           144561427714254143621489016050163181596615404145611348812479
020920171           117731135011188111811150112308135771453315394161091666116958
020920172           171011700716751166121688117927181651767517045161651507614104
021020171           134761317413041130871344614399159061684617142171861720217092
021020172           168691664316424163041662717577178401746816904160681502614051
021120171           133321288612637125391264313011136671440315320159681625616207
021120172           160071573915505154401578416706168591639215875151821432713442
021220171           127721232512119119901206912384129291357014450151521563015961
021220172           161091614616109161461654717344173551669215779148341384512881
021320171           122581188011723117501210512948141541509015854162591645116496
021320172           163801622316115161061651817653180111758116875158591461313461
021420171           127691239512249123011269413814156001641316368161771602415750
021420172           154141521615009150331548516624171931687416301153611413113075
021520171           124171205711884118851225013325151101596116072160921609215960
021520172           157751567815529155711594816900171751677016119150891384512750
021620171           120871172311588116161200313075147851566815835158371581215780
021620172           156311550315463155551596917064175181722616651157111445513362
021720171           127121237712235122681264413703154571624116176159431577115521
021720172           151931495414784148111522716254166511627515765150181401513016
021820171           123351194411721116581179412234129491359214070141971406113781
021820172           134091305312831129471342214435149421458514098134861266311787
021920171           111611074010532104471052810853112901185112319126241278112754
021920172           124631223212132123071284813941145301414913615128521201411158
022020171           105981030310199102641060211438125741337213720138701384413762
022020172           135511342213369136361433315507160961569515095142311312712154
022120171           115911129011201112851170612781143581517015099148571468014438
022120172           142231418514175143931496516064164611605715400144151320512083
022220171           114051102010869108611118412136137201458814795146391437014137
022220172           138721376013643136851416515125156901532714748138481269211650
022320171           109911062110440104641082511812133841422814237140011386713702
022320172           134951345313447135551392414748153011494814326134271229311216
022420171           1056810183 9973 99631026011174126201347313715138061384013752
022420172           135951351413463134921371414323147011424813645128671192810943
022520171           10242 9793 9561 9458 9532 9904104911124912095125951276812754
022520172           126061243712380124641283313662139491351512982123141151210715
022620171           10118 9765 9588 9564 970010052105881122611969124541259912578
022620172           125231242512407127121344714666154551518714604136981265611799
022720171           112541094910834108971134112523142511498114767144701427614037
022720172           138201379113785138661433615339160581569015040140121277811721
022820171           111091075710591105871092911976137051461414764145941424913990
022820172           137911367013635138351436415323157071528414627135901244011300
030120171           1058110183 9975 99621027311295129801394014209143511450514515
030120172           144221431314215142731456515237155921518014525134731222411096
030220171           1041810017 9819 98141015111138127701360613829138741378113588
030220172           134941353313555137401440315459163391615615671147621358712563
030320171           119351159411456115141189713022146561535515228149591474014533
030320172           143061431714426145691499615819164421618915808151721430813427
030420171           128521254512420124301262313094137741442414970152771553915583
030420172           153461495914763149341554616563173541713216767161641530414502
030520171           139381358613425133711345813738141291452514841149421489414801
030520172           145711429014137143291503216160170621682116320153701426213345
030620171           128211259212542126571311314261159391651616160157281541515115
030620172           147841456614416145471512016164169291660515986149291361612497
030720171           118341147311296112951163312689143871536215536155541559815570
030720172           154451534915296153331568116274164611601515256141891287911728
030820171           110301062710429104141071311770135441456214767145861433614051
030820172           136281338113363135561394514725155471531714753137971258811506
030920171           108601049110352103751076411872134761415214097139701386013745
030920172           135971357513536136721417015020158431563415109142001299911920
031020171           112631090910725107491116012250138631489115408157421594415980
031020172           158891578415567154081553015992166791642515951152891438513446
031120171           128231251612407124561268113204139141473715485158871602815929
031120172           157161547515360154401583916570173341708216645159931514214275
031220171           136481344913249131201314413369138481433014842151731528615253
031220172           150591477814523144921480215490163101717016937161451506013994
031320171           133231299512903129621332814393162721729517149167321638715992
031320172           155631525014961148401500815543162141694716615158281471513636
031420171           128191231712062120011219712812137571443915127158291637816683
031420172           167011652616230159401589416079161701626015707148471374712753
031520171           121781189911797118741225213203147541584116309163601632916225
031520172           160831599015888158911606016491168871750217131162351497113816
031620171           131171276212584125931294413935157661665616637164351620315919
031620172           155821535015076149701511315540160921685116594157511448613338
031720171           125931222612063120961243813489153101623416182158571556215197
031720172           148511458614243140431408914352147381540515219146571380712893
031820171           122191187611738117251189412333131191383914299144191434514073
031820172           137281342013200131421345313953144441498914729141781334812483
031920171           117841136411147110671111911397119521255713362138521405914093
031920172           140091376713441132441339713858143981522415017142001312912145
032020171           115501124511149112471165312752146181552115279148571454214253
032020172           139521374113516134461370114228147351544615189142971307311954
032120171           112941091510736107481109712174140591495214953147301464414302
032120172           139951384113653134381356814039144641514314887139961277611685
032220171           110221070610579106451102612122140111496715114150431485914645
032220172           144711439914305144051482415546162901713217012161501485513744
032320171           130851277912651126871304914140160441687616587161161576315394
032320172           150031475714488143411454015066155851633916209153661411412975
032420171           122981191911754117391203613057148531574915897159121598815995
032420172           158471582215653154311536315411153571552415112143261327912187
032520171           114351096610759106581075211133118761264113475140101417814198
032520172           140681393113823137401382314007141521452414325137661296712114
032620171           114681108910915108641094511260117891232912893132461345813579
032620172           136771366813636137041402514569149381528214874139721283411803
032720171           111731081310690107131110012185140681520315576157761594315923
032720172           157761561115315151351526115560157011592315458144281312011971
032820171           112821088910717106991102812061139281492815150151891520015107
032820172           149791499714956149971519315577158111599315485144711313611947
032920171           112511084810657106571097312016138731481314897148381474714508
032920172           142421414113935138721416614599149171546015300143961314912025
033020171           113691101110890109251129812433142891507414797144251410313807
033020172           134941333313154132041348813959144301511414922140721282811694
033120171           110001062210458104691079011821135871466915022152661541615451
033120172           153531536515294152881541815629156861580815364146221359512589
040120171           118331134311093110121110111467121611294713904145991496615058
040120172           148941465314409142661434614513146121494714692140531312312188
040220171           114581100610758106461069310952114251202212650128131267412477
040220172           122241192111739117711219712805132831398513987131911212711174
040320171           105721024310156102641071511872136961451914403141001391813744
040320172           134911323613131130391317113629140381472914582136151235511240
040420171           105431018110035100411040111450133441454614903151141529715399
040420172           153531528715111150731525315533155421570615310143531298011824
040520171           111001069810519104921082011874136931474814950149241476214523
040520172           143171421214060139371408214425147221520715029141111281711699
040620171           109481055510385103891071411781136411478315190154251560015648
040620172           156481569315541154831563015843157751578215382144161304511841
040720171           110881067210474104281071111684133531423014281142471431514283
040720172           141331395113685137331393414167142421453714421137331274011725
040820171           110181060910416103631049410918115921231512935132931331713146
040820172           128671255712315122071234412733130901357913595130431222911347
040920171           106851028810141100941020710534109701142311794119001180411641
040920172           114721125811145111861156612163125931328513414126001148110485
041020171            9866 9540 9412 9473 984710911125261341013397133111329113264
041020172           132041324613190132111336413610137751424514156131731184210703
041120171            9978 9553 9355 9321 960110563121031306113231132761341213519
041120172           135321370913828139731417814361143301465514525134921213010919
041220171           10152 9680 9445 9379 960610527119881299213337135151378714000
041220172           140751411613939137151366013734137841409514115131791187510716
041320171            9984 9564 9367 9370 969210676122101314013351133701338213230
041320172           129081273012580125811279413131134121388713891130901193910814
041420171           10103 9711 9545 9574 985710703119021268012850127781268412525
041420172           123351219912070120221219912508126651298813154125471157510642
041520171            9918 9527 9334 9287 9409 9814103711105011574117891174311617
041520172           114461128511228113621171412182125211289412819122441134410416
041620171            9702 9215 8982 8856 8890 9119 94651021311027115361177611880
041620172           118861165011498115141177512082123801292113218125761154310547
041720171            9849 9432 9215 9165 938810196113921248113041133061344413512
041720172           134711350713463133191332613508135891384313851128921160610463
041820171            9751 9330 9140 9104 939910299116731266012900128951291212850
041820172           127561270112515124881266013017133041373213902130521185110768
041920171           10061 9690 9523 9536 984310766122171319513371132571319013154
041920172           131631313413070131611354613982142311450214291133761212511006
042020171           10297 9892 9687 9654 992610803122091328413706137911368113515
042020172           132981326413178130941312813291134131382213828129921183710737
042120171           10024 9629 9446 9431 972510584120411323713873142371442814414
042120172           142531416713999138811391914026140021407213819131041212111092
042220171           10321 9860 9622 9513 9599 9971105861142712368129781324913303
042220172           131461288012682126651277512907129771316513180125631171510833
042320171           10124 9692 9493 9405 9471 9722100531049610904111441115111081
042320172           109681082510740108281124011800122481271313079123191121410191
042420171            9566 9239 9110 9162 953310560121171298213065130771312413154
042420172           131451311112990129701312913441135851384913951130081167210518
042520171            9775 9427 9250 9233 954210506120961318813548137261390113943
042520172           139251395113906139381417014529146451468414391134001207910968
042620171           10237 9845 9631 9595 989310868124981364914017141751427414228
042620172           141431406213932138371393714121141591431314221132901198010808
042720171           10084 9643 9438 9391 969110635121761324313541136701378713792
042720172           137231371613585135081358913705138041406214151132671199210819
042820171           10056 9632 9404 9341 962610495120011321013672138501383013685
042820172           136221380313902140221426214349141891417714350135971247711302
042920171           10420 9842 9526 9353 9396 9702101851101211877123681275912980
042920172           131391320713186132841355613753136401353513667130101199110911
043020171           10065 9529 9191 8983 8947 9026 9279 983610480109331116511415
043020172           116671181611793118461217612620128411302713050122491111010122
050120171            9511 9176 9035 9061 939010396120591314613523137481389113844
050120172           137331365613573135361365513970141371429614273132841192910793
050220171           10107 9693 9483 9448 974810721123521350913868140481408514167
050220172           140831400213789136171368013891139291402814203133271199110772
050320171            9997 9553 9336 9292 960010475119811294013092131571329813273
050320172           132271325813083130411318213338134481363113991132501195210764
050420171           10023 9656 9477 9482 981710736122811311313051129511287312782
050420172           127321274312656126701290313142132751364413930131271183510659
050520171            9916 9502 9302 9295 954110464120011319613663139471408814161
050520172           141001409814099141161418014255140731394213728129791192110842
050620171           10106 9649 9381 9255 9334 9696102991121212161127311309213075
050620172           128401244912080118611196012267124201260912769122391138410449
050720171            9728 9282 9029 8888 8917 9076 94051002110762112361136411467
050720172           114931145711515116421197412454127371293013099123711124410235
050820171            9605 9259 9100 9142 949610476120581305313220133081347013465
050820172           133381334413285132331331213628138511401614196133741206110917
050920171           10234 9855 9674 9673 999710940124961338013429133691341013474
050920172           135371361713498134421359513882140841425514269133731205910894
051020171           10174 9755 9551 9551 987210851124121331713343131971322913474
051020172           134821341513223131371324313469136231384114056132931200010856
051120171           10119 9707 9504 9498 980510739122861317213225132591338613416
051120172           132581312712885128151299613282134341363513930132281196510818
051220171           10070 9646 9439 9424 971110610121261313213402135021354513500
051220172           133021314312881127071271612865129021299313325128571186610801
051320171           10011 9536 9283 9192 9269 9561101671101811822122901246012431
051320172           122371202311936119821216312483127071283712932124331158810675
051420171           10016 9585 9344 9249 9291 9524 99241068711579122161248212491
051420172           123941215511947119641217212512126871293613196125861150510497
051520171            9822 9484 9330 9348 968610656122491344613907141431423814110
051520172           139831389513764137521384414012140131401314138133731206610923
051620171           10089 9684 9513 9494 977910610121241305013145131701324713319
051620172           133781354413628138041406814267143131437114607138591242111145
051720171           10219 9751 9453 9384 962410469119991309213541138441421014633
051720172           150561556415955164001691317207172461714017307165121491513383
051820171           123321167411245110291119311942136171516316120169731770718238
051820172           186801922619712199372013020250198931947119359183031640114614
051920171           134101252812065117721185612484141031559216485171981785218351
051920172           187331910719260194071945219219184241748016903158011413212535
052020171           113401056710104 9830 9781 9896103591113311769120481209912044
052020172           119421187511893120701242412816129601284812963125821165810648
052120171            9870 9376 9063 8935 8946 8978 9354 998010678111841144411554
052120172           116341157811504116821214412700129201296113230126371147210413
052220171            9704 9292 9095 9083 937610263118201304313537138261405614114
052220172           141181414514043140371420414523145691441714178132451191110761
052320171           10033 9621 9404 9387 965710447119701301113245132861339113613
052320172           137431381913815138041391614070140731410114312136161227511032
052420171           10189 9712 9460 9379 961310489120251315113529137411396414023
052420172           139521390513814138361401314095140551400214191135681220410940
052520171           10132 9631 9386 9327 958710391119371317813679139581415014239
052520172           142231424014127140721413314304143171423714172133891210710964
052620171           10228 9742 9495 9454 967610451119741320813751139801410914042
052620172           139281393313794136631363513745136531354813575129901193710850
052720171           10091 9590 9301 9180 9218 9391 98981062311355118121195811893
052720172           117711162211593116721190512200123021232212554122931141910492
052820171            9777 9316 9018 8890 8901 8962 9297 995510670111611144711660
052820172           118661189011818117671187812071121431216712391120731124710344
052920171            9633 9176 8941 8838 8895 9074 95051021911168119791252212883
052920172           129601285312781127201294313297133171326513241125111132310254
053020171            9558 9170 9003 9015 932110226118561308213502137021382913920
053020172           139351401313897138441395714133141531413714148133681203310850
053120171           10108 9691 9464 9414 967710535121051333613821140241420314341
053120172           142641421014179142261439114555145591457414542137401235111097
060120171           10303 9796 9542 9476 971710477119811312713546137541398114192
060120172           144491466114572145151461014676146531452514587140171262011301
060220171           10397 9842 9518 9412 959810224116771276413183134021363613857
060220172           139251403213977138411378513808136771353413560131551205510908
060320171           10093 9544 9247 9122 9172 9338 99151071811511119641224912332
060320172           121661197311921119291211712419125351256112710124311155010598
060420171            9826 9319 9046 8917 8919 8931 9305 996110688111931152211883
060420172           121381233112430125401282513191133551336213310126021143910396
060520171            9723 9337 9151 9153 945410356119241319113786141331441214503
060520172           144891448214369142961442714638146091445114205133081197610820
060620171           10085 9668 9465 9412 965110540121411339413885141671439514482
060620172           144351438514255142091436214603145421436214247134611217810952
060720171           10190 9774 9555 9508 977310576121101314613401134631350813451
060720172           133621339413401134761370213960140561401714107136601229211013
060820171           10146 9699 9453 9391 963110350118761294113331136251384714027
060820172           141201432214461145081455714432142141415814235135921227511018
060920171           10170 9688 9456 9408 965010367118111292113406136981399614201
060920172           143071437714479145551470814830146901450414429140361292811680
061020171           1075810142 9755 9538 9520 9639102421124012225129281344013774
061020172           140851430914444146311496615225152161496614944146731369312527
061120171           115331086610453101991008110065105441154312878141241511915821
061120172           162851663417024175631827618847190121878818576179791632114657
061220171           134521268012204119351205012714144581617417361184251952020438
061220172           211552183022264227452318023346230272239921778207241858616598
061320171           151981425213641132861331413915155911729718508195982055621502
061320172           222832305423521238682396823573229182223721723205921847216431
061420171           149361394413293129201281913235146091572116181165161689017168
061420172           173611765717904181951845918391178921715916552157871413012529
061520171           114451081710435102571037610975124161361614142144601478815020
061520172           151371538015537157491594215971156581525815163145601318211877
061620171           110231051710228101451036411049124361366514309146741496615223
061620172           152801535515231150221490014770145261429514161136281262511534
061720171           1073910202 9930 9796 983610037106141154712544132481361213760
061720172           137571374413806138541397314187142471423014346141401328412304
061820171           114691091310592104251041110467108921173712798137211450515259
061820172           158291631116679170471750017808178021756217530170851568914240
061920171           132541265212338122551251113341149841648917345180691878119344
061920172           197942034820681207692068320530199221924518730176871601914427
062020171           133331265312260120901228413057145251587616652172921797518473
062020172           187331903819200194591967419666192201853817979172291552713818
062120171           125831181911368111331127311875133421473815614162401681317227
062120172           175431786418157184361868218694183191774517273166321502913415
062220171           122301149311033107701087311411128231419815006155681611416580
062220172           169811754017911183331872818801183691791917710171411563614151
062320171           130001227211850116851185612507140041548016513173511819018999
062320172           198422049720641207552070820457198681918418787182021693715502
062420171           143081360213180128711277012995135621457315746165491699817250
062420172           174201762617918182371846418499183301768317015164291517113818
062520171           127191195711457110261087010689110651188612949138471455915114
062520172           156281599616337164011636616498164801618315905154331409112770
062620171           117891111610724105631072511238125481388514677151521563616035
062620172           163161658116740169371719017299170411656016197155661411512638
062720171           115961094910551104141058411144124591369914451149881535115431
062720172           155481586615991159351596316100158601540215118144401314411817
062820171           1086410285 9968 98311002710595118671310813751141201446114729
062820172           149761525315379155491586616114160021568015433149581359312228
062920171           112791069810382102621045411069123481362814416149151544815896
062920172           162041647816672166871665616520162261594115886153701413312855
063020171           119221135411024108951106711664130031446615400160231658517023
063020172           175511824918891193581983119760191011838417803170371573914331
070120171           132171244311956116531157411610122151331614618157741686617750
070120172           183211856018650186161843618245178751745317242167241570114502
070220171           135101279512297119641184311744121281308514387154491627416885
070220172           173671775818140185591899919331192331862018035175301627814842
070320171           136721289012369120661206012334133611467715876168221758518134
070320172           184611876119010193081967719825193631845817563167231539414002
070420171           127761192911345109961085410819113111213913124139991473515310
070420172           157501602316235165141690017177170081650616034154721442713196
070520171           121161139310949107271080511257125161391714971157951655717113
070520172           175681805118450188001914519263189251816517515167991520113574
070620171           124031165711212109941109211589128441421015098157341628816686
070620172           169961732417560177951796817869174891698816754162201483413403
070720171           123581170311323111701133411917130741428915172158441631016472
070720172           164141633516138158881584615907157441543815285148571381412644
070820171           117151109310739105571054810674112331224513382143481517315948
070820172           165911702817281173651763817778174231676416361158571475013473
070920171           124091168311150108181061310472108041157212515133131386914314
070920172           146821502315375158081634716857169221652316175157431443813070
071020171           120281138310979108131100611592129441449515543163931715417686
071020172           181301861518962193551961319688193311880718527177431622314681
071120171           135901288212462122781241513129144151571916570171261775518338
071120172           186891926119665199282017220382202601983119437186701700515334
071220171           140711326912773125181264113265146741618917252182731936320185
071220172           208422137521554216372162121428208222003519486185741695815299
071320171           141301335412894126731276613403146731597516820174851817618645
071320172           187871871118313178621733916867163331586615610148961359412288
071420171           113841083310526104021058011211123421353814324147621508015247
071420172           152141518015037148871481814817146181439614420139811297111917
071520171           111041057710291101261017810385108621167912661134531394814251
071520172           144611467614990153811588016289163411599515783154491439113197
071620171           121761151611043107601062210559109011179512938140041494415747
071620172           164211689317295177671833618823188541845218152175201607714571
071720171           133741261912139119001205012650139981556916753177891875319506
071720172           200902064720916210532117021232207812001919500185531687515193
071820171           140101329012856126571284013585149551639717421183671917219946
071820172           205712100021369217842195621902215092082120406195391779916082
071920171           148141400513470132061331413973153301690118066191302019521158
071920172           218822254422988232232348423579232062244021787207461880016851
072020171           153871437313712133221334013871152171690518206194002060821565
072020172           222852297323372235242355623341226482202021662206661877716884
072120171           154601447213812134181335313775149961651817693187341962320339
072120172           209302162522168226462294222915223242146620840199321834216623
072220171           152561426413608131391286512772131741412315265161131684917550
072220172           181241854418759189621905418951185751818918037174471627314974
072320171           139291319812669123131208011940120301261213471141411470615143
072320172           154971566415760159231620016373161911582015781151901402812790
072420171           118791135311059109711120711969131131424814890152431551515546
072420172           154361533715122149021487914982148461460114412136421247911347
072520171           1058510147 9883 98091005010792119511317113875143031460114744
072520172           147521477314699145961462514724146711448014474138871266511472
072620171           1061510108 9826 9740 996010630118131310013836143331481615186
072620172           154981584016036162901669916936167041622816111154141399412621
072720171           116441104110681105091071611406125621380014559150521545615881
072720172           161261627016218160921608216113160051583915915153911416812916
072820171           120201147011131109641113211784129761436515435161911688617414
072820172           178271821218463186641886618793182191766317463167051536713886
072920171           126931187911340109851084510954113111194312708132211350213634
072920172           136771360213385132841348313869139611374313747133351237911391
073020171           1055010005 9679 9491 9452 9517 97801044111261119421241312798
073020172           131321338713707141411476015330154601518115102144691324812018
073120171           111131053910236101241032110968121331349414439151601589616505
073120172           170551771418290188591936219629193921878118433174281575414171
080120171           130171227911810115631166712297135231500016095170031794718777
080120172           194882016820656210392140321557211532049620079189741716115393
080220171           141251325612693123741246013027142501573016760177071875719558
080220172           202432096521075206602035719787190301835317991170451557214127
080320171           130901242512026118181196812657138781524116134168471754918316
080320172           190191976620366207912109321117206451983919446183871669015061
080420171           138571304512579123441246913140143491570916735175091825919004
080420172           196282027820552206922065520416196681885918528177101634914945
080520171           138721312012644124071234412541129831383114849156771626716437
080520172           164071632316291163261654616824167171633716200155661438713083
080620171           119911123810749104311028410239103821099411796123851273012993
080620172           132121344613712140171437514775148561468614889142551315511999
080720171           111261059410309102101044711141122511355914480151701572116019
080720172           161661631816260161131611116138159411573815632147311348912313
080820171           114891096710676105811079211562127921404514782151921551615666
080820172           157131591116104161751634416562164841616416127153001393112582
080920171           116111101210630104651060711261123731364514462150711559716062
080920172           165171709617636180721849518730184501785317626166151507913592
081020171           124771175411288110591118811861129661430515299161151692517719
081020172           183771899019413197271996619962193701868318409173161570514140
081120171           129761221211708114441153212138131481446315464161831683817391
081120172           177461815018470185701856318423178311729917128162561500113716
081220171           126811198711534112501113811282116031231513255139811457114943
081220172           151311518015192153471571416053160081583515903153371442413388
081320171           125481198211642114211133211440116281241513575145531531415932
081320172           163491660216861172321768118037178941737817176161191470713334
081420171           123031156111170109601113111745128081405614992156641637616989
081420172           174211799518247183261829018275180241768917594165831512013696
081520171           126851202411651115001172912527137831502115853164261697917476
081520172           178251808318052178541774117696174641725517213163231495313612
081620171           126101201911701115361170512442136231502515994166731729617828
081620172           182721873319003192481949719530190351834218038168521521013658
081720171           124961174011257109991107611670126471382814606151281562316137
081720172           164981678017389178101816018221176191724017027161001448913300
081820171           122861169711356112451146512261135281486715866166291727317712
081820172           178831811318163181011812218165180411795817768170311590414720
081920171           136621298312526122681216612306127971354314648156221636617004
081920172           175561807118295185151875918854185261798117744168431560314345
082020171           132691253612026116881152111554116891246113500144001509115676
082020172           161101641016650169661737117688174911708216960159051452413234
082120171           121851160711208110621125911991131071441015414162951715318001
082120172           186891945519709194531988920169198941940719161179051626214707
082220171           136091292512477122661243513225144971588916981178761881819750
082220172           206562153322059224562276922678220902174321260199301827316597
082320171           153331451413995137331383214557157481688417592180141831418480
082320172           186551896619229193411940819237186301799217552163131470213153
082420171           121411143711006107781090111556126281382814621151691566416068
082420172           164021682317109173161749017441169831661716399153441391412659
082520171           116141100410647105061066011359124131354214321147141500615300
082520172           155041575515769156541572015739154091517814989141261293011763
082620171           1080110317 9960 9741 9702 9980103731105511865126031276212921
082620172           129911317413168133841375114026140221393613831131861215211131
082720171           10366 9966 9674 9491 9472 9481 96561023410980115861202412391
082720172           126931288813016132671370514178142261431714301133811223411211
082820171           10437 9960 9706 9638 989210702118661294713598140921450714799
082820172           149391517015306154221558415667154651548415235141021271111483
082920171           1067210181 9912 98231004310856121621323013820142111453214750
082920172           147831488914831147651483014967149801514814783137611247911343
083020171           1059010147 9924 98571010611001124981353414011142451437614365
083020172           145161462914665149241545715732155251551115393142701283011429
083120171           1063510161 9880 97941001610849121961323713850143081478715125
083120172           154511580315717154781545815501152971535715098140711272311474
090120171           1060810051 9702 9567 975410530117081264613058132361333013301
090120172           132501331513298133381356313798137091382613633128651183410749
090220171            9969 9509 9241 9100 9146 9432 98271044311109115541172411734
090220172           116811163111724118601210112426125791291012755121461130710449
090320171            9749 9332 9079 8963 8970 9146 94841012411049118701243112771
090320172           129051287912747127211290513153131531316112868121551129510407
090420171            9731 9322 9116 9035 9119 9412 98161039511181118811228912494
090420172           126231269412852131851375414350144631485614725137211242511323
090520171           105911019710004 99451025111259129001413214791154121609316757
090520172           173581798318374186701889818938185151835817777164921490013529
090620171           125201193411583114151158212505141341531215970165271691816784
090620172           165981634016087159181600116178161541615615568144771309611905
090720171           110971062010330102301045111312129101397314396146251479614879
090720172           149831512115226153541557215674155161570915260141291286111622
090820171           1074210176 9869 9726 993410748121541311213520137901403414194
090820172           143401456414564145201455914578144351460014218133651226211160
090920171           10346 9823 9525 9377 9392 9708102101094911697121851247412667
090920172           127091262012529125551280513111132131350013255125701165810720
091020171            9995 9519 9224 9108 9105 9296 96071019210930114361171411982
091020172           121791226212355125971299513477137171413113779127891158810530
091120171            9839 9435 9255 9219 949410435119881290913244134571374313942
091120172           140981436714575148581523415518154791575815169139461252511271
091220171           10480 9991 9685 9621 984510736122761319413580138821423514578
091220172           148771530315670159951635716542163251649015877146231308011753
091320171           108751034210032 98491004910933124271337413829142411467715065
091320172           154131585516247165761683416826166791696116458153261385512608
091420171           117441124510945108631110112044137081486315463159141631216789
091420172           170341737717474176951789217904177541796617428163101481813466
091520171           125251216511602114371162912552141841522815845163321674117149
091520172           175771802318216182931830518131177051763516999159701469313421
091620171           124011173111285110831106111354119721278113716143911474114914
091620172           150841535715733161961658516693164141642515849149401382512676
091720171           117731114710734105211046310628109521153312426131661366314140
091720172           147671538015916163411672116889167661691316241150981375312552
091820171           117041119210900108421112312120138301487315329156901599516147
091820172           162161634116334163261642316593167371691116236150811368612451
091920171           116241112210835107511096211925136331464215056153531565815827
091920172           158601588815790157401586316059161901630715716146501335912177
092020171           113751092010656105781084811877136631480115339157101606116203
092020172           162511629016269162331635516511166491684216272152211392912669
092120171           118291132110996108731109212025136591463715124154011558915689
092120172           156021558115530155311562315601157431596915407143351296411739
092220171           108821036710035 99201012910980125281349013933141901441214518
092220172           145591469314759148411494914982149841503014476136671260911550
092320171           1076210249 9928 9761 979710137107251148412382129631333513631
092320172           139451431014694150891550715724155421558214941140781301811960
092420171           111031050710146 9902 985610029103881096911960128571370614598
092420172           154671618616784173371785318177180811816117292160521457013214
092520171           122571165311290111381136312338140091503215778165601740918191
092520172           189081964020013202562040720272198611974418595170801536513808
092620171           127641208011686115161173412658143631528615720161651677317472
092620172           181911893919474199092025320161198391973318690172111549113933
092720171           128471216011721115151167712611142601522315779163791721518150
092720172           189641973020273206822099920955206672072919793183651666514939
092820171           140611343013038128491302213913154761619416340163851644016475
092820172           164561653116529165801655516325159931599515173139911258611309
092920171           10465 9931 9658 9540 974810589120861296713160131901325813283
092920172           132601334313398135171377313941140791415913564127541172310713
093020171            9968 9533 9246 9134 9254 9572102081095511853124791283912881
093020172           127501258312443123991253012839132271329012808121541127410413
100120171            9724 9318 9085 8967 9012 9240 97101030110952112501127211245
100120172           112671126911348115721216012832134481374213154121971109610158
100220171            9579 9193 9049 9071 943210443121591308813218132041326313305
100220172           133061339713460136101394114395147971492014180130611174010644
100320171            9934 9538 9329 9307 962410579123141323713331132551329513323
100320172           133231346413513136321394414350147951492114216131341182910720
100420171            9995 9581 9365 9330 962610574122991318913321133181342713529
100420172           136501385214053143161465814975153051540614712136531230311202
100520171           1049110062 9842 97981005010967126701365614007142241446114683
100520172           148311521415450155931579715983162951629615595145651326812071
100620171           111221051510166 99911015710922124231336813838142601457914822
100620172           149431507314946148511484614844150391491114284134361235011267
100720171           10453 9966 9683 9543 9618 9945106151135612225127691309013248
100720172           133781355313782138611403514289146631465014173135181262511733
100820171           110521058610347102021021110436109301157312584134951406314354
100820172           144831446014461145531485715298158481581015299144831346812436
100920171           116451111210815107311095911709129141394114884157091624616498
100920172           166591671916636165691671417020172551697716330153691414513009
101020171           121691160111211109871110411929135871451814909152211550315739
101020172           159151618316231162531642116368166151641215503143261287411564
101120171           1070610202 9928 98251006210954126371363313973141771422714149
101120172           143061449014519145141461814929154681526114526134681214110974
101220171           10203 9729 9490 9449 967410598123441327413374132681315013040
101220172           129801302613040131601348413924145611460613983130391180810727
101320171           10023 9610 9412 9383 966810633123851333513407132761319713108
101320172           130291309113096131821346013795143191419013641128631183010807
101420171           10045 9582 9336 9230 9303 9655103591113011957125001273412717
101420172           126321256912548126401292213331138891374213227125301166010784
101520171           10072 9610 9359 9246 9251 9466 99591056311455121521258112854
101520172           129921302313017131381351814069147861471314090131701208111097
101620171           1045110035 9815 9754 995710848124811343013685138681392913844
101620172           137161370913632135651376514255149051472714029130091174510653
101720171            9962 9573 9402 9418 974710792126731366313636133681315312978
101720172           128351280712802129801342814077148951484014206132061189810781
101820171           10078 9696 9504 9495 980610817126731360913560133761327313226
101820172           132021329913374135571390414332149341473614036130311175010643
101920171            9940 9571 9396 9345 966710671125011345213526134301344213418
101920172           133741349913539136491393114320149531475514138131361188710762
102020171           10033 9598 9380 9327 955810461121781313813294132841325213204
102020172           131241317713256133671363013921143321402713430126661166710653
102120171            9860 9423 9169 9084 9170 9540102761101711679119541199511931
102120172           118531183411920121611249212953135371323812733120701123310359
102220171            9682 9255 9009 8892 8907 9130 96321020510908113351151811626
102220172           117711192412056122831270813357140791384213184122551125110281
102320171            9647 9230 9142 9113 939810397122131325913494137291385913841
102320172           139241397314104142261443314972155431517314449134001215111012
102420171           10371 9980 9752 97361004211050128991414914539148561510315243
102420172           152961537515335153091548415965162891589515212141661287211745
102520171           109481051610285101931039511321131411437114744150041524015322
102520172           151831502914864147331491615377156071516114425134271217311053
102620171           10307 9856 9603 9561 979510722124841369614068143181437814446
102620172           143181423514073139541409214592149801464314036130781186210744
102720171           10036 9638 9420 9383 965210615124111344513533133451314912965
102720172           128041279012797129061323113641141971388713394126791170310716
102820171            9988 9560 9304 9206 9305 9711104731125411895121001210612013
102820172           118571171311684119051229512922135511321312731120781126710418
102920171            9777 9365 9131 8997 9025 9238 97291038411212119951252112910
102920172           131571317513142131571357114220144461401213356124621144010372
103020171            9506 8872 8510 8398 8581 9313105911152711802119841222412296
103020172           120951204011925119331226212910136201343712925120671098810042
103120171            9410 9039 8866 8856 913410046117281276312866128021281212735
103120172           125931265112617127511313113553138741359813324126691160810632
110120171            9982 9636 9487 9500 980110801125611367413848138931397614039
110120172           139441386913743137951416514897153621503014389134001213911019
110220171           10254 9812 9576 9525 979410748125101366113862139781404113999
110220172           139561399313982140071418014740152891493614258132521205710938
110320171           10162 9748 9515 9444 970010617123541346913737138701393714036
110320172           140591413214186142111437214720148211425413549126951166210661
110420171            9894 9460 9207 9110 9213 9633104091125211956121781211811941
110420172           117571166411667118371228213127136571331712871122631145810576
110520171            9945 9384 9127 9130 9260 9627102351103111836123161253812728
110520172           128261288912931131581396114644143191378213042120511104410190
110620171            9676 9403 9297 9323 968810778125671359013998142511440914463
110620172           144851452314415144391508215726153221466813875128221163910625
110720171            9984 9653 9493 9525 988910989126471346013501134751352713739
110720172           139551414214164143631519915896157291525114567135271230611280
110820171           106211027910159101711054711647134841435914398141821396913751
110820172           135741361513738141341510616161160351564715017140841284511806
110920171           111951086910727107911121812364141101480614532140841383513671
110920172           135821370413839140951494715848156731519714568136451244511396
111020171           106681025510051100321037511279127191368114011140501405814023
111020172           139631408814366148861592116755165571617815655149071394913033
111120171           123631198911770117231187712365130701372614135141541397013715
111120172           134631331013424139001498015884156871528714825141771333312507
111220171           118761148811281112061131811630121521277613414135431335413151
111220172           130511295113070135511473215765156471521514626137151270311782
111320171           111551083210717107581115212242140291498115252153961554315587
111320172           155671553115405155891631816964167281624515531144291312511993
111420171           113181095410762107741112212200139531489515104151471519515197
111420172           151351513715079152481610816721165291607815392143291305411951
111520171           112831093610804108471125312382141941494214680142461402413905
111520172           138591398014132144971557016469163561594315334143101303011942
111620171           112461084610629105901090811960137561471414982150361503615022
111620172           149371491214837149381562316235160311556614918139581277411717
111720171           110361069310546105761096712054138221473014874146591441914185
111720172           139371394314109145271549916234160281558515097143441336512423
111820171           117541137111185111391130511814125931327613811140661418014109
111820172           139731394013856140391484915246148691433113792130551218211286
111920171           1059610139 9847 9719 9746 9997105191118812066127311308013096
111920172           129271277412932134201461915475152881489914379135061243011524
112020171           109421063110551106581109612265140981497414949147651475814736
112020172           146401466814818151421618616875167211631715639145851327512146
112120171           114291103710885109001129212383141471488714714142351394013729
112120172           136151368013837141641511415934157771535714722137701258511491
112220171           107461032710105100921040411327128751399214666150401533815432
112220172           153361525415144151101570616167158731541214852140281297411927
112320171           112101078310567105241068511182119331271313379137991393613917
112320172           135801298912573125191300313281132311318313085127461214011481
112420171           110121073410603106171086611465122581281713097130881296812779
112420172           125561248012637130831412014870146651428513827132091237511499
112520171           108481045810245101961033010729113651194912389124901241712293
112520172           121901212612300126751369514314140881368613239126071177110880
112620171           10215 9802 9559 9486 9565 9872104171101411681121731255512676
112620172           127421276912988135241484615692155771515914533136071246811516
112720171           108921058110488105721102912162139661493015117149691481214768
112720172           145891451614548148821603716956169311657215948149431364212561
112820171           119151159311474115631199613150150121586615691152771494814636
112820172           144131444014585150291620117079169281649215756146061322411973
112920171           111901074310505104621077911830135781439514448142341393613747
112920172           136721381313966142891536416277162081584215230142361297811891
113020171           112351092310863109321136912560144761534815240149531475814629
113020172           145411456314610148691598616687165341612615470144211303811821
120120171           110361057110345103171065711658134121433414391142271413814128
120120172           140691419314256144761541916000157331532514822141151310312072
120220171           113631095210778107491094011467122951308013673138551379813666
120220172           135151348413589139561501915581153581496014509138851297412002
120320171           112811082510616105661069811035116391231913033133671349713522
120320172           136511374013846141301539816161160421560714961139651271811641
120420171           109801063510532106251109312305142591518115113147161446614222
120420172           140431407714203146591601317005169791657415911148111337712146
120520171           113671092810723107031104712127139761494615127152031530015387
120520172           154001540715366155411637016842166101609215344142341278311537
120620171           1072710239 9995 99641027711289130621418014471145551459014475
120620172           141481398714130146391595316872168051642215839148371348012314
120720171           115641119411033110711146412593144801539815260148771459914409
120720172           143201442814578149981616617007169081656216026150571372212532
120820171           117581136011217112611167012776146291563515713154531532615254
120820172           151111516215261156221665817155168331636315814150091392512779
120920171           119401140211171110761120211654124351332614236147901519915534
120920172           156861571315743159801689717345170301645915807149761390112848
121020171           120631154111260111501123211548121641287413704141831427114190
121020172           141801414114214146371601316961168821647015901148511357612486
121120171           117551137011216112741170612828146981574015927158441566215392
121120172           151781520415231155201680517882177831738716759156621427213002
121220171           121061162011439114541181412852145971570815981161641629916319
121220172           162401620416089162661717917808176211715116464154301405012813
121320171           120501172111636117681228913468154151647516603166231663416565
121320172           165161655216575169151818619137190251867818065170191552814201
121420171           134141296512762127401310714175159241694817187172081703016691
121420172           163901632016218165371786518804187731854818049170951572814506
121520171           137171332913168132141357714626164731750417711176471748217265
121520172           170791702816965171411818418660183751791317310164921533414154
121620171           132721277612552125201268713149139941486715642158741579315617
121620172           154481532915300156091671817301170701664416225156321474013789
121720171           130741264112456124441256212919135811434415091153731535515253
121720172           152951531715473158761715417986178111744217002159961467413548
121820171           128141240212240122781270313821156121673016993170701704516976
121820172           168811680216638168171779018489182481781817103159471446013114
121920171           122361175711545115261187112909147211574015902159131582415495
121920172           150651495314855151091630917215171231671516112151021370612409
122020171           115121105610884109121131712394142271527115376152611521715044
122020172           147491482015016154601669917646176341735016858159151459113313
122120171           124961206611902119571237213457152611626116282159661562715285
122120172           150281506015246157191696817954179011760217129162461496813693
122220171           128291236512145121291246713394150121618316632168741698716965
122220172           168051679116798170141788318337179241733416689158021464913498
122320171           126221208511789116851177712152128691377114749155951609416293
122320172           163201609015873158901655016816164411594215422147081368912654
122420171           118161129911043109511103611364119951276113656142391457114623
122420172           145361441314433145881550215880153691487314540141771358412804
122520171           120491154911296112181132811693123051309314037147521495514925
122520172           147151442314184142241499515576154421529215093146111380512915
122620171           122891192011795118321218212949140751499115633159761623916413
122620172           162741613316132163961756318596184761808917548166771554314451
122720171           137451337213216132511360214461157591679017317174431737817130
122720172           168881674417083173911846519524194331905818503175931639415276
122820171           145681417414040140671442115219165081754618141183661843318361
122820172           182131815718224185071958520524203761997119369184441719116075
122920171           153091484714667146801494315669168211781118482188431885418714
122920172           184471817318025181861916320007198021938018842180421699215933
123020171           151611469614494143971450614852154991619617027176691797618006
123020172           178721759617390174581828819074189021850218066173951645415464
123120171           147681432614101140321412714428149911560316469170481732817527
123120172           176631771817841180221902319874195641894818340176761697716339
