010120251           114021100310665104631049010715110891144711907123551273713090
010120252           133871347113517139071474415317150591463114103133871251011777
010220251           112991099210901109901137312297137501466014712142731394313760
010220252           138221404614494152141628417104169121648015928151021408213196
010320251           126011225212110121081243613245145481543015382147841428214147
010320252           141211433314787155131655117193169231649416020153711452913723
010420251           130721270612508124821261212990136191423514561144681417614074
010420252           140721425814831156601669617330171091667916168155221468613906
010520251           132731285212628125331262512902134161398714297142611441814697
010520252           150321534515670161111711517878176991727816679158861492614107
010620251           135871326813136131911357214518160121702717249172581725117236
010620252           172151705017086172931807518777186131825017668168491584414969
010720251           144591417714043140861446815366168271771417492171011680216642
010720252           164551623216504172661830819121190221862317999170471592614959
010820251           143571399613849138831420415119166351753217253165201589115548
010820252           155131578916338171781834019183190731878718229174341632615404
010920251           147831441214239142161453015411168561777817846175471690816456
010920252           164241644716685173721833819039188581849617937170651595714956
011020251           142631386013638135801388214740161271699116679157651497814371
011020252           140341408714521153631643717213170051659616099154201454513672
011120251           130141256612344122541235012741134161425614992155341579015937
011120252           159151581615808159571650617057168151633315886152651449013754
011220251           131851284112663125711268512976135131418514633145741421513805
011220252           135481352013879146881593816955168991648815972151261412113243
011320251           126521233612200122361263613639152071619016086156421547115491
011320252           153611538915533158531661817346171591668116082152201419413322
011420251           127641246112349124141282013798153681628716027152161453014244
011420252           142451452015095159901713718160180841769617139162551518114263
011520251           137111338813263133211370214664162071709316768159451527314896
011520252           148191509615590164901759918470183681801817461166181552214642
011620251           140851380513712137711417215106166381752317158164121595015612
011620252           154571572315952165031741218210180641765117042161781513714192
011720251           136171331613211132911370714638160981705116932161101533114695
011720252           144151439314591153651638617172170081660916126154431463213766
011820251           132161278612576124511255512872134941409514471146021468014712
011820252           148371484914925150451532415880156851516214297138881310612313
011920251           117411134211173110991125111602122041281312986128211251412703
011920252           133031360314199148471566716325161801574515281146231392113223
012020251           127861256412508126241302113787148201572616383167131692416898
012020252           167211683316977172941799219006188511848417903170961611915302
012120251           148071459914521146211503316031175861866118825185941838418277
012120252           181561809718125183241889819620195231918518588177121664215772
012220251           152851505814995151211556016531181011914619344190121852018104
012220252           176921745617377177331856219558196311932218772178481673515799
012320251           151461492614758147621508615974174051834918587184281793417465
012320252           170581671616561168591768918661186761835017825170721607615191
012420251           146791438314283143181468115623170511798417912173571675116236
012420252           158161569515879163461718118080179811761717183165771578815062
012520251           145471425214143141611434214818154851619816439159381537514977
012520252           146761468815084157551665317512173671696816545159101517814464
012620251           139311355413335132181325913520139821452714990147481432114092
012620252           141511414214460150661607317184171391669616158153391447413600
012720251           131211285412760128361327314244158281672416229152441445313960
012720252           136801371714123150841633317559175821712716479155561448413535
012820251           128941252112283122551260313530150011589015738151441484914215
012820252           136471361914167152431663017828179081755516988161281499814075
012920251           134541312412953129431324114077154431637616495160421550814884
012920252           145861471615067153601615817245173261699716473157381481114036
013020251           135371327213218133331379414745163561725116819159611530514843
013020252           145841468615057158961709118220182981794117385165371542214438
013120251           137741334313089130091324813973153061613616341163891638716334
013120252           161941609615935160111633916752164651596915427147161391013082
020120251           124701205911834117751191412346130551387014697151211506514885
020120252           146981445214426149991602417092172441704716748162761563115005
020220251           145051419014080140771423614591151961577816002160571609516011
020220252           159191607816322166621733318048179071747816825159811492514028
020320251           134321307412931129051322514014152961623716548163801600515434
020320252           149641489314787150021590116961169591645315764148241371812750
020420251           121231174211545115661194412877144111522114960144021405913620
020420252           133351354914070148741602617324175431727216767159721498214144
020520251           136221334313246133511380314775163461714416574155141476514317
020520252           140411412114514154041676217854180321782817416167201578214995
020620251           144651414314025140211433915117162361708617626180631835018478
020620252           184161820617918176791780218338181291756016823158481472913765
020720251           131161269812462124041268513532149101570215633153101506114558
020720252           140551391614065148251593617002170771673316305156771486414053
020820251           134911314012966129481310613539142071476214795143581395013684
020820252           135351343614006145591543416451164951608915575150091432313662
020920251           131851281512578124411248712775132711385214646152581551615754
020920252           158301579715811160071652617300170201617315601150691441213695
021020251           131141280812707127581318714132156321652216565163191610316136
021020252           161291604915946160311657517654178641750216953161211508614273
021120251           138191357413545136701411415130167121750017426170111663416327
021120252           160441596115978162801690517810178941745416815159181481513899
021220251           133091298412799128351325414223156701653516633164381629416093
021220252           158811586315937162341679517585175861717216573157561469413824
021320251           132051279612637126281294613748149401587916484166741671616657
021320252           165171625715905158021609816823169151649615978152541437313533
021420251           129701266812557126501307514021154511611115769152791492914638
021420252           143171423514332148881595217076172771689016407157891498614214
021520251           136671329613120131181329813706143381480514891147921475114884
021520252           151421537415566158801637817118171611673416185154171464613861
021620251           132801287812649125321258712838132461378814517152391579916195
021620252           163681636416292162811642616842166761608915448147121394913261
021720251           128101254712495125841296413694147051549015862159661599815959
021720252           158491579915841161631691017976182241782017284165431558814754
021820251           142841399713877139381434515250165361726617179168301650816319
021820252           161031608116153165681741018436187731846517887170891606315170
021920251           146241427614125141571454515442167551738917138166291617415771
021920252           154291529315311157111659217699180491774317218164881554514672
022020251           141831390013810138571427015183165191721516965163751596715735
022020252           155451553215630160741675317612178271744016885161361522114372
022120251           138251349213382134281376014626158741651616403158601533114867
022120252           144861435214450149831596617097174341714116703160621526014493
022220251           139861368613540135161367914076146921504815104147241426213769
022220252           132831296413021135771468415862162611594515513149231418113474
022320251           129491260012401122961235412627130981343613504132301290012701
022320252           125851266713027135971459015743160731571415177143811346612650
022420251           121971194811853119421232313308147661531814993143581383813320
022420252           130311309113198137741480916052163851594915328144251336912481
022520251           118781156111422114621180112719141391472214544139691335212751
022520252           127471263812914135831440915431157051519214690139001290812066
022620251           115301125311120111731152512484138731411613302124691212811992
022620252           117801174911866125001370914962154701515014660138971292012045
022720251           115811129511131111751148812395138391473315128152641509614767
022720252           148241486014821148181512615714158261538714801139791298012086
022820251           115291121211055111091147012392137371404813309125081193611477
022820252           111891123211574124851386915022153631502314551139721317612425
030120251           118051141811169110571114711491120521250912860129201293612605
030120252           123951228512350127721349514512148671474314551142131371513203
030220251           127961257212487125201271113142137121375713313128211243112206
030220252           121391219412550134811507916584171611696616553158741498214214
030320251           137611353113487135981406615049164921655115534145121384013417
030320252           130851296013166139821540416852173461705316600158421479513912
030420251           133431300912849128641323914135154241563215248149011410813329
030420252           132471352213592142471500515922161941581515224142931330812406
030520251           117791143911288112711162212496138031450014682145841442714255
030520252           142611426514183142241457115271154601503714450136121258911674
030620251           111201070510481104361069911505128351360613744136191326713207
030620252           131591315613158134701409214876151331485614418137791296012243
030720251           117551149511446115961207413076143941468413975130611269212668
030720252           126931269412803132551427315448158831560115143145511374412970
030820251           124221205511849118111194712341128281292012695124171235711945
030820252           116541153111806125971380415025155871531714916143521367312988
030920251           124521232112189120071200112194126331300912748122261177611547
030920252           117231190711969123181296613912147801518314841141441321812358
031020251           118251150711356113691166112606143631493914314131591220411570
031020252           112801087510494110241172512901140351447514092134811236311621
031120251           111001079010677107551114612120136511450613992128981186811278
031120252           106151020510194105801155012924137611418013775129871198810808
031220251           105391027310124101811055711495130441395013590125201154210918
031220252           106081059710972116881268313783145391485314466137361273911885
031320251           113291097910812108341116312067135821445814135130931199711328
031320252           110271094311047114711228613425143671485114544138441287411983
031420251           115031103510871108991125812044135021430513995128341168010922
031420252           103731013010066104121141012448133021367413330128321215711327
031520251           108341047310272102191033910706113521199412420123961187911041
031520252           103881004510078105581155212528130711325412932123941168910969
031620251           1043110180 9937 9701 9683 9902103691093011520119821210711902
031620252           117871176711725119571259413100134781354212964122741095110393
031720251            9960 9607 9447 9421 969110582122781295213384136181371413664
031720252           135801357313434135201381814266144151436913891131231175011204
031820251           107801046210354104391079611867137161418813730128651205011315
031820252           108741077310861111881176212899137941441114112133681196511479
031920251           110331073910651107101109712156140721428313392122131119110519
031920252           101881006510130105221141412795136831411213745125511195211141
032020251           105541021110061100741051511599128271353613663134091309612724
032020252           122571190711813121101278513561140391422013769128291164411107
032120251           1051010142 9939 99211022011132129141352613740136101314912696
032120252           123781203911716116231214313155139571434014090134891226911858
032220251           1136410982107851075110877112551190112266120251126610408 9775
032220252            9329 9234 9826103431121311955125351292212719122471125110998
032320251           107191051010443104971070011095117021211311894113531080210401
032320252           101571000110134101911134812829139501456614331135621220411716
032420251           113171101510882109211127912309141091472915117153901557215693
032420252           156441560115411153671556015829157591555814927139781246811919
032520251           114281105810906109161125812183137121447414284131601230311961
032520252           117321165611658119321253113340140941451814192134461205611452
032620251           110751079110673107441109512143139731418713677130181251212024
032620252           115981153911644120711276713553142241464614348136161218911656
032720251           112381094010843109231132612400143011437013497125471167811394
032720252           111991089510808109461160712870138221448314283136551230611755
032820251           113521101210853108041109011915133121382313100121301141511141
032820252           105861045510438107511172112712133561355813203125901172910822
032920251           1039710015 9833 9773 991210385113261160912099124951271512805
032920252           129191306213147132091343613775140161404913728131191199611574
033020251           111661079110581104771053110831113291194812659131831345913609
033020252           136221349913403135001384014290144871453214072132321224811357
033120251           108011044410270102651059011467128801369113951139431389513753
033120252           135311350413082128741309413614139791419513748128741181410922
040120251           10339 9946 9725 9701 998910865123341327313208123121114910378
040120252            9956 9770 9705100231094012297133921404713947133501243411646
040220251           111181084510761108241121812187136181406513234120471134610830
040220252           104391040710581112701253813743143831472814404137281269511803
040320251           112401086310681106741094811787131751411614507146971465514271
040320252           139881362113283131651331013765139821420013849130541201011056
040420251           10422 9985 9738 9645 984610628119511272912768122911153710780
040420252           10122 9842 9946102781095911802125381300212800122121143710637
040520251           10066 9689 9486 9414 9549 9896105061110211794122341235712524
040520252           125241269812809130021335913712137961376913406128401210411347
040620251           107521031210040 9936 994710190106521128711978125331269512764
040620252           126441235712088119411196312472131831359113306125621161010747
040720251           10184 9823 9694 97431012111087126121359713919138941389914006
040720252           140731405214011141581451315017151111508014651138321278411851
040820251           112301084710685106801098011861133181416914224139831366713272
040820252           127781250612351124791302314021147731533515273146731368912789
040920251           122351188211735117611209013009144021472313942129361202211348
040920252           108251053910389106721149112752138291458514574139161295112074
041020251           115451123011119111751156812566139461406813037121001145511020
041020252           107231075511087114141217313176138561438414234134981253411583
041120251           110131067110550105711089811775131711405014259141221377013335
041120252           130931299412742128201326313740139991415313893132801245311648
041220251           111211074310592105691073111125118001253813308138311405414115
041220252           140371384613747137731396514220143091435114075134511267311882
041320251           113021089510649105491060910863113291187712514128671288912856
041320252           127661264812629126101293513432136621391313712129761201211171
041420251           106501035810252103161069511629129011301412187114231080510330
041420252           10043 9897 9897102911085711906127841334913223124541144110561
041520251            9930 9571 9396 9379 966710472117921254012587119921145111358
041520252           115991171511344114431207112900133001352013304125371154110674
041620251           10110 9792 9657 96991003410956121921273712635124321223011881
041620252           116291154811443114991205912929136701413214012132891227311365
041720251           1076610159 99861000310338112151240212594117691100610296 9837
041720252            9545 9432 9365 96571038011340123471292512999123961149410622
041820251           1036710059 9952 9986103451110912094120971134910513 9888 9460
041820252            9263 9261 9505103071136412292125421271512566119471115110337
041920251            9757 9402 9137 9059 9116 9412 98391020310530104611053110489
041920252           103711014210108104881112911995126251291912860123391160110795
042020251           10113 9623 9256 9016 8912 9018 9204 9393 9320 8963 8475 8241
042020252            7997 7731 7684 8076 8940101131106311763119411140610613 9897
042120251            9399 9107 9074 9188 94881026611221114671101810485 9982 9817
042120252            98381001310367111071193912793131811336813103123121125510402
042220251            9810 9469 9369 9423 972310445114811223812410121771151110895
042220252           103981021110370107501137112294129801330913232124391136010414
042320251            9764 9251 9025 9036 93101005711124113591072110080 9808 9599
042320252            9514 9548 9635 99961078311939127391312213107122681115910161
042420251            9667 9293 9055 9026 9238 99931098011337110011062010089 9748
042420252            9548 9636 9762101721100812097127151306613003122741128210182
042520251            9514 9099 8859 8810 9057 9740107551131411232110271079910583
042520252           104401053910772111311173712346125691273812556119401110910274
042620251            9722 9286 9101 8982 8915 9228 96531041711086116651201812196
042620252           121411195011780118591206412326124151251312338117791099610018
042720251            9409 9062 8822 8594 8649 8833 9216 9551 9802 9959 999710069
042720252           101831016810304105021111011832124491281712777120731120710193
042820251            9684 9248 9027 9071 93391019811488116181089310181 9751 9469
042820252            9363 9387 9502100261097212079129381327213216124091130310155
042920251            9653 9154 9015 9077 93591009811104114251105710301 9945 9761
042920252            9705 984310151109071163812668131771344013373124941142710609
043020251           10004 9635 9370 9370 95651030711254117691157410604 9916 9570
043020252            9443 9532 9716100871100812106128511313113141123461118410295
050120251            9746 9340 9131 9145 93621002911067113331081210197 9849 9625
050120252            9531 9631 9819101291090611953124841285012898122191124610293
050220251            9678 9351 9200 9146 937410040110021174912099122341199011771
050220252           113371080710780114211215312775131781324213241126491173910903
050320251           10200 9609 9303 9167 9144 9345 9646 999410233101661013610196
050320252           106071102011251120181292613297132411313513084124971167310831
050420251           10130 9661 9342 9172 9141 9264 9568 984410317107241105611186
050420252           112581148811782119711240813075132651322012985122391120810366
050520251            9664 9358 9229 9186 931510050113521220012421124091245312467
050520252           124221243112366124121273313267134421342113143123461131610420
050620251            9859 9480 9287 9262 961310389115621241512573123641237612434
050620252           124351240512539126781284913393135901355313267125571148710595
050720251            9968 9553 9346 9276 954410325114071204911897115231106810945
050720252           110831134411489119111248313058133901350013502127121165610652
050820251           10117 9742 9528 9469 960110315113861196811803114231128711498
050820252           118221202512013122721277113614138881394413749129911185210931
050920251           10215 9772 9446 9389 963510289114271236312631126661290513147
050920252           131941327213206132351341813715135971340913176125281168110830
051020251           10121 9695 9461 9286 9380 9745102781102111551119291179911665
051020252           114051102610716107701108411673121691245412654122221146510580
051120251            9985 9534 9275 9218 9260 9367 9577 9585 9539 9141 8710 8388
051120252            8194 8116 8232 8970 987611040121111256412794121961119310268
051220251            9708 9187 8982 8992 9303100631119011547111391050010030 9875
051220252            9753 983110098106571152012503130711333213371126351151610576
051320251            9838 9437 9215 9155 936510014110101139611098106141033010235
051320252           102461040710499108941166712536130791332013386126581153910500
051420251            9820 9406 9183 9131 937810009110551161111539113751129211105
051420252           109351101811247117121245413216136361380313780130731197110957
051520251           10261 9808 9545 9474 966910361115371243512657126401260012606
051520252           126991280612742127751305613514138061394213939133801231411298
051620251           1051310129 9814 9680 996110544116181238012605125191244812330
051620252           122321240512562130131374414387146461455714455138941291311907
051720251           111081053610133 9909 989510045103941099911571120371241312459
051720252           122751217411963119641268913645140221394413793132171230111347
051820251           1061210063 9662 9433 9323 9302 9457 9718 9896101171039810729
051820252           109001125411383116421205312603129411307013033123781137910467
051920251            9753 9309 9061 9007 9225 9886109391149911405111591082710651
051920252           108221108111313116561222812852131871325313116123771135110445
052020251            9774 9410 9208 9175 942310118112481177611587112141116811444
052020252           116481185011996122591262113071133141338013227125281146010518
052120251            9885 9489 9303 9247 952010242113641198012170123851252512573
052120252           124921249612458125981290313291135391365113548128221177210810
052220251           10185 9780 9552 9517 977810533117911284813355135451367113611
052220252           134261345313451135001381714168142221413213931132401224611295
052320251           106191023910001 99231013410844119391258212672125821249212387
052320252           122581228712309125001273212981130631301113064125211169310829
052420251           10182 9759 9505 9393 9453 9661 99201017510436105051048010502
052420252           103951018610163103721089511480118091206012245118771118210403
052520251            9825 9403 9196 9075 9119 9215 9416 9581 9716101151035810410
052520252           105451057610505104771078711315116881191912076117051095910203
052620251            9626 9240 9020 8957 9082 9267 9471 9441 9265 9041 9124 9284
052620252            9328 9316 9403 99181054311658123431268312781122081112410182
052720251            9532 9127 8955 8927 9209 9927109881129311003106961057010599
052720252           107501105711446120201274513420137701385413846131561200610904
052820251           10206 9732 9424 9328 951410063110451150611370112061125911306
052820252           113971148111671122441296113606137691381613775130991195410924
052920251           10207 9735 9467 9379 957310227112541197112117122451237012525
052920252           126311272112717127411296013311134991353513586129891192510994
053020251           10305 9851 9594 9501 968710271113071189011873119391221012576
053020252           128261271512646129371333013594136451366313618131741225811309
053120251           1062010048 9736 9565 9561 9731101081073611414116081155511616
053120252           118521191211860119801206212318124911250212384118761112910290
060120251            9705 9276 9037 8912 8923 9001 9204 9442 9681 9866 9918 9947
060120252            9911 9724 9825101711078211563121441236112522120301110010146
060220251            9487 9185 8991 8984 9272 9959109721135411057106281041410379
060220252           104811066810765111751181712739133211345413478128361171910715
060320251            9968 9499 9306 9227 945410064110181136411112107191053010486
060320252           105561080711255118521280313768142531431214242135451230311202
060420251           10383 9903 9568 9445 963010203117451180011812116921164611808
060420252           120931257613095138101469515481158681583315652149691360012343
060520251           114761084110455102371033510863120091286013237135941411614883
060520252           157491661217233179201874619463196041930818958180961654915027
060620251           138451313312510121861220312585135521450714917150501533615666
060620252           160251651217005175251802417967174221684516322156031449513338
060720251           123991172411260110041099411088114591207512863134501387814196
060720252           142941419814239142071419914159139701378213700133121250311598
060820251           1086610317 9929 9700 9627 9611 97281004910380105891071310914
060820252           112001136411574120441283413642140841413614079134341235711236
060920251           1051110041 9704 9636 990110484116231238812691127011278112898
060920252           130151324213330133911370814151142121409313798131051205011119
061020251           10420 9968 9720 9635 985410499117811261313086133401349013684
061020252           136241361413459134711362313960141001406813956133831233311328
061120251           1044410157 9872 9740 992910469115001207312088119231190612144
061120252           125651320713865141561483515602160661599715766151191378512554
061220251           115911096310571103821053011025121231295013249133701366814111
061220252           144531485315389160601691017557176431734916865160241450213048
061320251           119441114810683104021046310925117011236512540124481216112212
061320252           124391280013161136221410214599146881452514273137701277911713
061420251           1094110346 9978 9801 9818 9892102191076311371117911199712026
061420252           118911175311688117191186812246123921239812391120651132610523
061520251            9913 9523 9237 9114 9106 9162 9340 9672100481009710033 9954
061520252            99401005810327107901143112211126901294013069126941175210747
061620251           10110 9624 9384 9315 953710058110321166811660114491142411524
061620252           116251192912286128351365414424147051463114527139441276911641
061720251           108951037610055 99931020010773117951269313186133191353713765
061720252           139361410214187143711459114878148561468514544139701297711945
061820251           112231072710443103361054911159122631327313869141661432614486
061820252           145211471114865149461539416043163911636416238157551462513425
061920251           125351192011496113231146011918127931373214527150051541716125
061920252           169271792218912197582056620944206942021519650187321716215655
062020251           144701359013003125911251612836135261408014264141531417014230
062020252           142541449515013156791648117099171991691716424158051459813306
062120251           122751149911009106761055810524108091124811683120171237612968
062120252           134031390614670155131650317402176841736216897163391524614125
062220251           132161249112058117761168411731120041252313125136541358614003
062220252           150501634517690189571998420715210162091820430196611817916591
062320251           153531447513833134761353513946151541648317532184051930320322
062320252           213642219722871234832413424727248752446523790227582098219189
062420251           178411681216096156171549615868170621845519430203692131622280
062420252           231272397224718254972617726592265562599425364241902239820494
062520251           190641791017074165021629216524176401908320080208352149322107
062520252           227482322223691240072434324711247252406223196220852026918492
062620251           170341600615226146731444614541149871533715246150141490215000
062620252           152081533715152148821479214833147211462114479140091305412033
062720251           113661081910497103801054011024117391239612590125001233312347
062720252           124881296713414137951435314730148221456814383139041302012094
062820251           113541075410370101721014110310106881130912019125561290913034
062820252           129931295512912132641386014623150681506214939145991383812940
062920251           121921160011190109761088010874111251166912266128301344313901
062920252           143751484615486162891728718227185771832417678168921550514092
063020251           129831218311698114141146611840127601365914205145641511715862
063020252           166021743818085188471978620727210132065619926189551736015817
070120251           146561384513361131301326913808148541589716643170541743318149
070120252           188271974920536214132244822917227162188820952195591788616351
070220251           152341444813887135881365114070149511578716334167421706117538
070220252           179771852519002194552000920303204932037019792188501729615770
070320251           145321366113050126611263712945137521466515418160511678817347
070320252           179151814318433190921990520508196411830117131160851481913611
070420251           125691178211262109001076510732109591126311474115521164111712
070420252           118851212712573132811423915177154541524514690140431339712505
070520251           116311088510518102321010710038101641045610869112471174312326
070520252           126631326213899148221565316324167711656216158156441469313626
070620251           127591204111578113231123711206114221194912715134911447515484
070620252           165711759418509194352048221400217202120020378194891784816284
070720251           151321427313801135691367514156152681638417264179751879119523
070720252           202092092021237216772218522252221702186821581206401905617534
070820251           164151559815117147861483815328163451746218404192872027221170
070820252           217322237323015230232284523453232642289222043207581885717094
070920251           158411489114269139131393414381152991611216552167641702617291
070920252           175581798918272186471913219599197421951518984181541675515344
071020251           143051358713121128891296913492143741524915724159051598415960
071020252           159751612516277164011658516790169001686416608160151488713720
071120251           128421221011821116321177712248130731390814480148521512715381
071120252           158511666617362178601847318952188011849517986172991611814882
071220251           138551311112625123061220412278125901316313837142791453314862
071220252           153571598716666172601789518442184781802317489168071569814502
071320251           135131274712271119431180911772119871238713014136041402514430
071320252           149881548916076168461788018808191521889018408176031627514938
071420251           139021320412776126301282213428144301547516175167121728417807
071420252           183161880519248196832021520527204031997019501185801723915916
071520251           149701426613811135681372214286152831627016875172811798018810
071520252           196362052421262221502297423434235932326122554213921959817843
071620251           166201566814956145561445914840158871699617713183741930620238
071620252           211112204822731233992408424286243682390823380222702048918797
071720251           176061666716019156851573016262173301848019288198022029820834
071720252           213392197322199225852328523658238732359523159221772050218789
071820251           173101614215239146261442514530152171580215994158261572215538
071820252           154671571316148167511770718333185531819617334164611512613831
071920251           127351192011385110561087110856110671144911781120291239012881
071920252           133861394514763156671672717698180601785817384168071576314658
072020251           137571316212698124691238912433126521315013785144491510415784
072020252           164471723218096190082002820718204261965718996180601661715116
072120251           139461306812483121271214512558133641417014442145181473014912
072120252           151791546115639158761654817292175741712016496155921419612773
072220251           119041120910760104971059011050118241242812507123021231812513
072220252           128671342413983146381551116274166881653616053153251402612800
072320251           118631124510864106611077711207120291278513039131021337413828
072320252           143481490215535163531729018082184711819317681168901550314160
072420251           131631240611948117131181012294132591420414640148831540416174
072420252           171161821619123200352106321551216862122920563195241793116417
072520251           152931441713885135851362314058150121618817222182591947520587
072520252           215742248723120225412253822112217572139820928199271837116814
072620251           155071441913595130811270412545125711290713276134631363913875
072620252           142301475715402160531677917208172271685216458157511470913607
072720251           126951200911551112751117711184113651183612519131011371314161
072720252           144881451214596148081535416086165491666716729163061534414248
072820251           134501282012433122891243313068140421516315889163171703317981
072820252           189221993920786216392244222939231362245721777204881867017010
072920251           158021489014261138861392914451153041639017267182231931420525
072920252           215892249123307242282500625270253152465523985225152050918632
073020251           172451617915431148931471815073158711693117619182051896619902
073020252           208572183722735235932441324377239692337222785215141975718058
073120251           167181582615139147271469215141159711681717387176851788817924
073120252           179251803717613172821704216912165241615515675148361380012731
080120251           122641137111050108171099011507121621292213124132201312913185
080120252           132331324813313135171414414774151091489714622140031304811985
080220251           111781058810184 9980 993510052102641052510605105461051110609
080220252           108691122611781125451351514420149421470914462138901296412003
080320251           112041058910193 9961 9872 9902 99811023210491107031092511348
080320252           118751248613287143421545716486168401649216117152681404212882
080420251           120091134910942107691090711434121681292313373136091399914522
080420252           151831603816857177301857519281193011885818414172881580214367
080520251           133641261712112118221194512394131761392314268144281477315183
080520252           153461558016099166511731917758177431747617082161451477913517
080620251           125681190711453112421133111850125951331113657137471388314270
080620252           147451532215774160751632616502164781635016199154931434513217
080720251           123881183011445112481137911899127121349013831138001377313998
080720252           143711489615481161781694417579176461708216561156741434213080
080820251           121331141910927107141080011291119271259712996130451320213481
080820252           138631452515201159541688217587175391693116293153861414512958
080920251           120191132910859105481046810550107711113311418115721176812202
080920252           127201332914065149561600616919171021669616253154521438713315
081020251           123911169011215108751074310762108561123611610120261261713454
081020252           144941549616547176931890119843201201956718984179101637614966
081120251           139311318212651123521241112889136871462015302159521684017788
081120252           187491974620608214652243623086230252233021372198771808316444
081220251           152161426113559131701309613481142861510815777162901714318005
081220252           188781979320665215322242422770226922205821286198481814816568
081320251           153601446913862135301352314008148991585016554170681770918657
081320252           196622069921592224132288722330216332111120487193021791716542
081420251           156051484014345140441411014674156081650517227176961818118808
081420252           195252041821160218152251322833225252187521053196431799516408
081520251           151991426913602131871307413426140091466414969150451531615556
081520252           159941664917270179941881719337191891857717866168001548114193
081620251           131781242511917115611142811494117121213112544129391343314006
081620252           145831529516131169291778318411184651809717569166641553914485
081720251           136061292912453121511198912050122211268613318139651468915812
081720252           171151831419302200972067320871205292017419537180831646214989
081820251           138521292312280118601179012203128231320413146127251237512281
081820252           123421269813207138641466915571158101552015106141221297111851
081920251           110501052910180100301020510782115321213012361123351229812296
081920252           123181238812598131911400414866151081484814689138551276311747
082020251           110461059910317102131039911002119311269413298134881357513750
082020252           136541371413702136921369313952139681387113553128161188710972
082120251           1038210005 9750 9660 988810522114001205212109119511212112371
082120252           124381254112483125441300213620140311404613884131531218411222
082220251           1052310025 9735 9607 974410304111111163111651114561141111567
082220252           118561229612838136441466815555158151551415079142291320312080
082320251           113381073810352101021008710240105041093311228113781164612056
082320252           126271324213748144311530716032161301572015350144961352112525
082420251           118121121010785105221039910453106081093511400119981220512576
082420252           130801355414153149181570816237163141630216108152811420113140
082520251           123971183111482113571153012189131681402314563148981515415433
082520252           158051618816668172621802318451184531798117396163211493413632
082620251           126071178811273109611099711553123891294312976127621271512930
082620252           133381392414420148811541016044162051596815452144441310712019
082720251           111781058510232100561020710816117631232712458122791219912413
082720252           129141313813310136331415114738149441495614575136421242911347
082820251           1054610090 9779 9650 982010464115161187411787115101140111482
082820252           116281199312400131041381414510147681489114637138001274111780
082920251           110821054910267101531031510950118461256213015131361334013498
082920252           133331332813594138411418114425144731436814002133211238811481
083020251           1073910191 9811 9556 9517 9679 99121023710208102061005010135
083020252           103971061911019116891240013186134281339513133124881167610794
083120251           10216 9707 9408 9205 9170 9302 9513 9630 9625 9563 9402 9461
083120252            9696 999210529113261230713348137981366913347126451180110934
090120251           10299 9798 9482 9336 9371 9586 98321007110331106211087811199
090120252           115701201512294126801328214023143171448914132132311213811136
090220251           10458 9989 9709 9608 979810524116591227712259119971181411832
090220252           121011253912986136711453715424156941553415000139561274711621
090320251           108541032810008 9855 999710648117321226412139118911170911812
090320252           121301261813060137301464015528157811560015079141001286211766
090420251           109871045510088 99431010110758118831247312481122121210612271
090420252           126341309713561142281496815693158981579415367144771341212363
090520251           116771118910896107641090811565127531353713945141031414414158
090520252           142551471815271158661657516976167801655416173153651438613371
090620251           125991199211605113191125311456118191240913128136921419814635
090620252           152471599316655172181712716711161321569615093143061340412466
090720251           116841107810658104081032610402106941117411869124011263512672
090720252           127131270812687127771305513499137751393613563127641177110835
090820251           10163 9711 9406 9288 949010216113991196211730112951121411253
090820252           111711116711434119461268913630141951430613813128621175210745
090920251           10085 9639 9382 9314 951610268114821194411619111271081910635
090920252           105931077111132118201279313722141391436813867129411183310835
091020251           10187 9743 9497 9446 966110410116751237112387120921183111573
091020252           113901146611644120901277613644141491437713914130151190510929
091120251           10211 9749 9482 9373 957710270114591192811645112451100210966
091120252           111481161112107128771378914621148561490714406135191238611356
091220251           1059710098 9776 9640 980410446115351204811856115001119911163
091220252           112821154911870124121327514110142971419513666129171196611019
091320251           10330 9827 9526 9341 9356 9583 99861035910603106151050310573
091320252           108871122411577120601282313459137071370213264126181184811049
091420251           10442 9974 9680 9494 9480 9580 98751019110458105341054310677
091420252           113421204012542131191382514723150061500614407134321232311311
091520251           1059010101 9809 9702 994410652118601239812281119891186311976
091520252           122521267513084136331452515422156171556714858138301265711565
091620251           108281031310023 98861007610789119561253912384120031179811879
091620252           120531226212641130361367714349146881477714174132361211111082
091720251           10371 9913 9633 9535 973410455116691225112222119581185111926
091720252           119611219512553131041378314413147511489214338134881243011455
091820251           107821032610068 99591018310847121781283612834125901248112448
091820252           125551287813281140011497715845158931580115125141971304111893
091920251           110731049310146 99821013010769119081256812616125151241112525
091920252           126691298113373140081484315491153321495014205133441234311341
092020251           10542 9969 9609 9372 9363 9575 99871029010195 9827 9474 9276
092020252            9273 9392 9759104851156212599129681296612485118371107710311
092120251            9760 9343 9067 8942 8958 9136 9501 9770 9701 9443 9223 9162
092120252            9230 9446 9775104281149212571131551337812823119381100610122
092220251            9580 9195 9014 9005 927410039113451195911667112281109410987
092220252           110041118211492121511321514118145091455313890129941195611011
092320251           10386 9968 9731 9659 985610578118311255712730126751285313271
092320252           136091405214539148101523015686159221587515252143381325612231
092420251           115171101710727105911077811515128291369414075143261449414591
092420252           146211473114668146591481015095152261509314492136971263611703
092520251           110421060110344102781048111248126041359314136144891471914919
092520252           151381533415246152821546115732158891581415294145801357412612
092620251           119031138911011107881085011467126471334613498134471335913323
092620252           135801408214366149281561216141160071574615102142951325812221
092720251           114001079310346100741003210182106111101211243111901113611276
092720252           116681207412611131651375014333145911452214008133601260711798
092820251           111561067910358101701011810248106071099511327111771105611343
092820252           119821266113471144541552016406164501629315499144541327112132
092920251           113041066810246100361019810833120231258512413121801212712251
092920252           124361276613273140101477515338155491537214607136261253411449
093020251           1074110245 9942 9821 999610660119331252412387120341182511791
093020252           119111218312521130871392114727149951484414086131551203610985
100120251           10282 9789 9500 9380 958210279115641214511677110421066310385
100120252           103331044610741113811237113424138751379913199124041137710428
100220251            9818 9437 9229 9183 946410177115211213311742109891049310115
100220252           100491015310468111601217713175137271372413151123571140110459
100320251            9739 9502 9293 9258 950910260116231231011919112171071010377
100320252           103231047910813114751243413336136191346012928122701143510588
100420251            9950 9517 9231 9095 9126 9402 9943104281048910214 9888 9747
100420252            98511011010666115431263813548137661356313015123451154110749
100520251           10136 9687 9387 9198 9167 9306 96691002810167100501002610189
100520252           106041117211921129131409414999151201495514273133441233811348
100620251           1064110157 9843 9731 991410632119041258712509122431214512266
100620252           125591304713633144011531815933159351564114931139401280511721
100720251           110121047810168100241019510897122371298813002127251242112506
100720252           128731362514334148601535515685158781568315101142301317612188
100820251           115021102910746106361086011625129701394814284143621420113847
100820252           132301269112269124131305413727140771388913240124091137510469
100920251            9861 9435 9230 9177 940910218116081231811863110811045910054
100920252            9815 986810120107511185613050137421372313240125421159310704
101020251           10143 9781 9594 9565 986010691120991287512466115511081910306
101020252           100111000510246108201187512942134901334712909122861151310689
101120251           10117 9680 9426 9310 9384 969910291108301086310415 9872 9709
101120252           100861018010409108381150712274127731264412221116541096210244
101220251            9709 9343 9105 8997 9044 9254 97441025010651108681107211403
101220252           117311201212235124361286613329134711307812504118301104910308
101320251            9774 9428 9240 9189 9399 9988109041178112488129491329513435
101320252           134791350413528136961389514339145171409113437125901157710689
101420251           10017 9677 9474 9439 969910505119251285613078130491287412818
101420252           126951272112722129411335113933143631407913485126581160310698
101520251           10114 9685 9489 9432 971310520118731262412555122721201311966
101520252           117801158411456118671254613483141121394613394125921158810699
101620251           10109 9736 9546 9570 989210749122221305612755119591129410910
101620252           107941089411275118401265613724143031414513646128481184910942
101720251           10335 9941 9741 9707 996210768122151303612686118471110810588
101720252           103631041210674111921218213127135621334312883123281155610768
101820251           10199 9805 9607 9545 9664100471073811359113451076110211 9753
101820252            9475 9482 9854105321152312375128871269512278117421107310369
101920251            9839 9462 9255 9139 9201 9445 9944104701058310327 9984 9726
101920252            9755 988310318109471199912961135471325212704119251103210214
102020251            9685 9373 9184 9192 947010287117011273313198135371378413748
102020252           135471333613049129521328113960143071391613276124361141210516
102120251            9884 9496 9293 9250 953610356118001266312450117461108810673
102120252           104121054110767114231248613454140271378113164123401134210455
102220251            9861 9500 9309 9280 954310323117381275013172130551271312120
102220252           117791154111642118951272913578140891373313161123601138910504
102320251            9892 9537 9335 9322 961810419119141276012537118631119311119
102320252           111311120811549120441274613525140371378413273125071154410668
102420251           10094 9741 9551 9545 984610663121291303412822121701182711755
102420252           118151170211608119481265113336136641338212952123671158110799
102520251           10222 9836 9638 9557 9674100461072111409116191110810438 9979
102520252           101591063110773112251200212793131561285612479119601129310578
102620251           10054 9718 9518 9454 9511 97861033710947113211098210368 9996
102620252            99501009610508110671215513192138021355413075123701148810697
102720251           10235 9915 9808 98631023511188127881381213554128711220211879
102720252           119101203312214126311332014217147681444913901130821207211171
102820251           106251030610162101681048711413129201384513611128191215211783
102820252           114701135911598122671322214199146751438313786129461198411064
102920251           1048610112 9904 98811015911054125361347913550132901296912790
102920252           126391260312605129021352214281146481431013784129791196411073
103020251           1047210097 9865 97681010710947123711334213646137951377513756
103020252           136531370613755138651412614643146711425513704129041191310961
103120251           10366 9927 9681 9609 981510555118901270112853126971241512424
103120252           125141248212608127951310913440132381295612674122101151810805
110120251           10320 9932 9733 9628 970610043106551130011561111911066910250
110120252           100561006110369110431205912997134251310712701121971157410938
110220251           1038110010 9844 98591004910513110131129010911104861017410018
110220252           101211039911077121871337814213140471365213078122811148310826
110320251           103951016210076101791059111606130671360613399129251270912940
110320252           132301357413617137911451915136148161427013550126831168810863
110420251           1035510059 9921 99721032911288126091295412274116321121111212
110420252           114291176912215130141400314836146841430913740129261196611136
110520251           106311035310221102841066011612130481358913378132291315513030
110520252           127431292313296136611439714939146661417213543126691167510819
110620251           10281 9948 9838 98941025911207126271305012543122441224412153
110620252           122181246512816134541442015145150101467914158134291251311664
110720251           111931090710807108721123212166135291386013398128701258112376
110720252           122451244012833135401437014761143641384013305126251177410951
110820251           10348 9945 9670 9536 9602 9930105311114111652115891119810565
110820252           103271034310830118021277513395131641279012413119301127810640
110920251           10146 9796 9600 9536 9602 9922104671096211384115791156211769
110920252           122031261112883132081394914325139931347612871120861119010382
111020251            9858 9544 9388 9403 970410541119501288013244134141361613797
111020252           138831396113910140381459014992147071423313650129571210911344
111120251           108861063010497105371087811683128321348313564138191396013997
111120252           140081422414540150351595916501162391587715283144151333812425
111220251           118521145111235112121148912363138061461914770146921448914186
111220252           135551349713886144641533115841156311524414667138191275911832
111320251           112621087410658106331096411842132671390213873137641377113799
111320252           137891376313792141751501715578154011503314540137931285112001
111420251           114161108410924109501130312189135631404713482127741246212426
111420252           126351309713565141621498315365150251459614089134421265411881
111520251           113621103710878108651105211499121941254912199116571116110907
111520252           110461149712076129681408714636143681394113466129311224611517
111620251           109641055910254101021011710389108411134311619115561161611938
111620252           120581233012779134401451515202149861458014049133441248211729
111720251           112621099310901109871142912434139501459514441140821395313849
111720252           137651382214226149101592816530163301594215351144501337112441
111820251           118511151311331113591170712677141861467113979130791248012214
111820252           122101254213235141891532816024159231561115135143771340112545
111920251           120371175011624116721202313009145481524214606135291274712286
111920252           120711238013058141491536916115160361579915347145901364112789
112020251           122751193611795118571223013190147191532314759138811326012726
112020252           126281287413441143181543516056159571571715279145521360912743
112120251           121851187211707117461211513010144571508114994149721504714751
112120252           145221465114682149001547715678152221478114280136441282511938
112220251           113481093110678105871068611064117121244213051133131337613300
112220252           128521249712795134161433114855146531432113981135171291512291
112320251           118231151111371113631154311891124901287712980131141335513611
112320252           140641417514365147191549715992155901512314580138281292312105
112420251           115991126811104111451152012436139321464814202133931299812730
112420252           126821299013395141891533316011159131561915128143561334812457
112520251           118891155411347113311166312536139421474014804145811441914354
112520252           142581429914400146851535015681154471501714433136311258711649
112620251           109531049310225101631040511133123101315113539136831377713706
112620252           135631358813739140031458914843144481394613404126801176610862
112720251           10277 9848 9624 9598 977910225109531159411854119111207012202
112720252           122231211312180125341292912978127931267112582123121178411212
112820251           108211054510456105081076311385121781263612522121111195812347
112820252           126101293813363140361499215426151951486114435139011315212407
112920251           118761148711289112411135311741123701286912797123641202211841
112920252           118361212312837138611498715552154211513814810142801355412782
113020251           122201180111555114481149911758122311278513426139781430314532
113020252           148071493714965151451575115938155511502914352134591247711640
120120251           111131080710696107901121612268138301462914315136521301512617
120120252           125201291213738148471612416874168541661416141153921444513489
120220251           128091249612283122531254613338147361569816163164581678817025
120220252           170711701516883169341756317905175561695216228152341409513100
120320251           124731212911938119401227213244147211560315545151181470214444
120320252           142531436814696153881654617305172501693616419156531453313513
120420251           128141241312202121951253313461149771582815839156861580015688
120420252           150201476815217158731701817807178651773217427168171581914992
120520251           144381415114032140801450315397168921775617397167201614515721
120520252           155101580616371171251799618317180561770417188164451545714527
120620251           138411335613042129131297513342139791466315325156781569115497
120620252           152661475914633151521612216603163971603115641150931436013637
120720251           130351264212370122961238912719133151390414161138851364213831
120720252           141921452114930154911648416990167691633415760149231393513030
120820251           125041222712159123561285113951155821654716369158631558315548
120820252           156151591116438172601844719067189661873518291174211631915421
120920251           148861453614409144531483715829174421825717867170361636715936
120920252           157491599216654174331849318955187681847517876168421558414423
121020251           136161313012876128051310513979154291624416201158591548215265
121020252           152851563615884161531695617320170351657815946150541393712917
121120251           122551185411651116971207213048146401562915486149211443314209
121120252           143001482115504164271765818385182861802017524167591569514756
121220251           141211373013580135941392014831162781712716870161161553215161
121220252           149911522615751165741760218049177331729916789161041520014264
121320251           136451319512972129451311113561142571497315518156101546115359
121320252           155901575715811160921674916951166041617715722150991429913469
121420251           128911246512226121341223012537131161383714734154691595816222
121420252           163841632516385165661768418152179991770817298165301560414775
121520251           142981403213971141031451515487170331808318300180621792517749
121520252           175911762817643180151897719474192691892518341174051621415151
121620251           144681404013825138151411214971163771728917335167611619215650
121620252           152291517515543163771761218298182111792417381165041533814290
121720251           136331322713022130421340514281157441647316386162301618316044
121720252           156821534015246157461675517327171331674516203153811422113173
121820251           125061219412084121761262213619151741606915678146901381013249
121820252           130551335213960148131600616668165541621615643148411372612641
121920251           118861140311127110331125612009133081419714617149861506714912
121920252           146851459714451144911511415485152981505614663142371359312842
122020251           123021198011811118041196512424131491388113984135191315113186
122020252           128551317914151149361589916400161801582715414148331401113167
122120251           124771197411646114591148311731122591284213039126531229812404
122120252           127131305313771147761610716856167611645316085153921446213572
122220251           129451260112446125631303113929153961638416221154761477714406
122220252           142271449715216161531736318133180051765717169163841531114251
122320251           134981301212723126741297113763149841594816326163661640116311
122320252           163681644116438166061723417577172911685916305155341448913515
122420251           127521220211966119031210512699136381448315030152171536515610
122420252           155321540615410157421646716556159821552015139148171424413586
122520251           130161256312304121821227012597131341379314472149821517415072
122520252           141511374913997143921525815731156761561715541152351470614083
122620251           136641341913347133831372214372152711598516267162221603116097
122620252           162891634016622171461812818554182641783317297165851573614944
122720251           143121389113644135611363613953144821515315919165791692216974
122720252           167711646916295164721727517928177991745817066164541565914892
122820251           143091395913766137661387914194147341532215832159671579415663
122820252           155771541615465158371679117389171201661516026151991423513341
122920251           127321229112071120081221012807137001453915190156901607016280
122920252           163001629616120160511652616898165531609715580149361414713390
123020251           128911266312601126921307813910149811585516058159311604816175
123020252           162151635016652171851814518719184161795517409166491569214754
123120251           141101367213417133911366014272152471604416243158581539415136
123120252           151091533415765164521739017856173711673116119155081483614248
