010120261           136891327912951127301272912968134071383014383149281528015468
010120262           154231536015623162401741418183180171769917274166951585315021
010220261           145181418113978139681421014822157641661617070169911669816310
010220262           161021617416507170471798718517182551791917428167891593715096
010320261           145261413213904138381391214235148021542315748155381533515354
010320262           153391533315525161771715417673174761706116583159641516814340
010420261           137341335913074129951303713362139271452815183155011509814928
010420262           152291543815703163531737618007177951736616798158821489514086
010520261           136691341913346134711394015008165771747817426172931719017012
010520262           170661712617111176041833218854185611815717433164511527214264
010620261           135771318312973129481327314160155241646316640164141617315975
010620262           158891597516087164231726117954177711724616570156761453513587
010720261           129601255912384123681267813469147851577216254165081657816505
010720262           163691626916049162061686817471172581666316158152561417913257
010820261           126641230712141121741254913503149771582815612148711407013536
010820262           133861359313890146181572816696166351640115857151811419513405
010920261           128671252012406124511282413756151401595715757150661454114367
010920262           142091437814882152871599916299159481547214841141091314012232
011020261           115801116610912108831106811518121691291413300135241345513194
011020262           136141391314189145781529915639154181494514515139021314312419
011120261           118581140311128109911107511374118331245313063133691317713120
011120262           132631352713669144141547316289161351575215294145111373812970
011220261           124991222212138122711270813714152301612915889155301496414564
011220262           143111430514515153651647117458173031682716227153461428913339
011320261           127201238212191122281263113557150601582215339143911357213063
011320262           129821316113641146381584116743165941618615531146361343712505
011420261           118971152111297112681163112524140001479414662142221397014052
011420262           141861433614409146641546616076159161549814833140191299712107
011520261           115201114310944109361128212133135441448114581143201401013752
011520262           136511350813646142701532316267162961607915661149781413013306
011620261           128211258512539126761316514252157941685116609157701503114459
011620262           141881449815104160391706117774175631716916680159921514214211
011720261           135051304512713125821265613001135961426314819152791560515712
011720262           157971586115827158851624316675164681592515484148951415913421
011820261           128911249212304122541227212567130351371414544151231547815664
011820262           158391591415920159011628616739164991613015518148211397513212
011920261           126951237212189122471252213166141111497915644160431620016133
011920262           160671599916141165261727218109179271748816867160531501914165
012020261           136141329013175132971374714769163671743117456171821695016768
012020262           166971672516789172351811619095191281889318422176391655315668
012120261           151601482314692147841522416200177771872618652179961750017220
012120262           171751723617405177201836918971187681827317558165081538314337
012220261           136851321912924128261309013872153011610616188157681541614961
012220262           145461442714471150821607517077170881681516306155641463613742
012320261           132311289112783128461325014290157881670116497159871531514870
012320262           147251497815395160091704918111181441805617855173811672516024
012420261           155331526915145151631538315888166031739317627173201695016642
012420262           162621621416625176691892019856198141952719113184301771916979
012520261           164031597915727156201566415910163701701117816185821927219829
012520262           201862021620139198721988420021196911907318380175491658815720
012620261           151741482814678146581478915193158101649017161177521804518278
012620262           184311827618115181401863119427191801860418021172011621515421
012720261           149971478714737148321518315982173221818818750187651864718540
012720262           184511829618197183341880619540195901924418747179281692516107
012820261           155801525915154152161556916494179491886718920187531841318006
012820262           177681764617608179401850919338194751922518781180111697616119
012920261           156041530215195152401557716503180521904419056186751827917861
012920262           176311750617465177541847919351195041927318905181421721816375
013020261           158921559715487155361586216789182371915019372192681904418778
013020262           184811826018198184821914719945199071974319304186951778617051
013120261           164971613815961158881603616425170761787318268181781796117709
013120262           173611705816956172181791518890189401863518266177271699916292
020120261           158381549115290152141532515643162221698317605178751792217831
020120262           177571758017594179291859219453193731905018487175771662215791
020220261           152951498114842148851524516152176521852518382178901748117089
020220262           166581636416274165981752518585188351844617925171251605515249
020320261           147591449514407145201496415910175061825717903172371666616185
020320262           158621573515752161961708218246184111811017651168561587214952
020420261           143901409613959139721425815154166541744717472171181656416052
020420262           157091560415631161241717118330184501819417724169761598615047
020520261           145161431814239143361482215752172911803117572168161615515709
020520262           153411518415229158281693318136183471816317716169951597915206
020620261           147721447114346144171476715643170441774317729173291692316525
020620262           161561621916354166221723518053180101765417157165221565314880
020720261           143471391113674135981369514047146701544316322169241729817419
020720262           175331756517510177921828819184193951921418873184051771917070
020820261           165591626716110160391613516452170251770918187184211841018250
020820262           181281790817952184751922620182198411911218636181641759916858
020920261           162791592315769158271610916968183501907918864183471796117355
020920262           169191661616496169831794919112192111890218267174981640215417
021020261           148871457914476144991484615789172131788117407164761595615652
021020262           158361608416274167211734818291183581794317302164241529814407
021120261           137221335113096130691341114261156731652916583161381588115736
021120262           156711575015707160141661417541176701732716776159701507914258
021220261           136651341713289133441371714669160751682916417158011530614914
021220262           146271456114654152521638417598178251760917134164231549014660
021320261           141611387013721137971420415114165471706716449156951505414542
021320262           141531398614078146641575616876170881675616323157831501814258
021420261           137511339213194131291327213688142791478715162153231526315099
021420262           149991486014852150051554416331164951611415712151431454413872
021520261           134201310912979129671314413551140071435914064135081315312966
021520262           128231283613246142281527416448167061634615875150771435913639
021620261           131751285512718127361308713789146891540215666157961550014914
021620262           144421422514263148401585517009172071677516208154511449913787
021720261           132491293312772127671312613958151321595316215161121599015829
021720262           156451545415264154521612216947170131655915890151061413313341
021820261           128291250112349124021279913657148441556015561153791523915089
021820262           150831524415366155991611416902169001646615867150891416513298
021920261           127691243312277123421274313623148681538514854142901385313344
021920262           130181297413155140021523916387166501632915790150781411213359
022020261           128341244312294123271269513510146681538715586157261590316015
022020262           159421594316053162961666717185170031652615941152351431113503
022120261           129771255212289122531238712764133731399814487148001490914934
022120262           146291442314477147321538516136162331587015415148711419613505
022220261           129681259312359122781240312725132491379914271144891450614497
022220262           147121486715084154911613316958170151649515860151071433613587
022320261           131021283312690127341298713467140951473215403158991622116459
022320262           165911644216293161971648217195172221671816048152681442813640
022420261           131521286812723127771313013857149301542715544153201511714886
022420262           147231464714635151201603517185176011729016826160681524314504
022520261           140181374113659137201405014908160131681317205173711723417012
022520262           166461607515814157841615917141173171697416400156321468313790
022620261           131651278512608126661304313946152851577215468149001424213686
022620262           133871326313348139881508416236166101629215873152601439513619
022720261           131341293012833129161333414298156291589815158143461376913283
022720262           129141282212972136171472715823162081595815552150011429613559
022820261           130441276612595125801276413186137851386213385128281247812298
022820262           121481193111951123941339814499149931477814426139051331012686
030120261           122321195011798117541185012148125491298513668141901441814141
030120262           135781298612675132201458516087166901650016097154321460313946
030220261           135761343413423135921412515119165701670215836150841448914013
030220262           137291363013646143871585117291177971758217247164791560714836
030320261           143901412414043140981450815430167041682416383160501594916069
030320262           162041644316726169911732317851178761745716783158611474413857
030420261           132801277412597126051295613819150251551514966139371300712362
030420262           119121179911871125841383615171157941561815182144741360212807
030520261           123981210312003120421242513333146151507514882148461473314440
030520262           141791428114553150601576216561167571644415936151731414513367
030620261           128341248612325123081262713470147711555815919159151576815582
030620262           154191533815287155481611116618166451620615669150001409513293
030720261           126661224912006118891205312394129401360014136144741440414121
030720262           138081349613461137661438215082151991482314318136741293112162
030820261           116041139211180108391086411027113261180012285126721257012223
030820262           120591176311631117521230913356142041450714138134491259611785
030920261           112121091210793108821130512220136961454413988128541176011080
030920262           107301055010451108641179913103140741440313964132541229011399
031020261           108251049510325103491065911561130341386113161118991096310343
031020262           100441001610192107841178213058137721409113655128981196511077
031120261           1049310119 9940 99251026211112125681333813160125261189211294
031120262           108321102711344120971307313957144001442813980131961219911366
031220261           107631039810160100981035611155124501340113720139241397314024
031220262           140101398914150143321474415262155271559015229145591356812792
031320261           122911196011806118521219413058144571523714579133371232911682
031320262           116961266913154135651443315100153741540815055144151357312752
031420261           121261174711496114031150311837124431301313075127031251312476
031420262           120411168511479116301212413177142101459814404138761325412600
031520261           121031177011579115281164411922123891287613113128731225111981
031520262           120191209312585131611395414714151631528914770139811304912184
031620261           116571124011028109831133212192135851453814869149391489014700
031620262           144381431714174142001447614960150901491814348134741240611492
031720261           109031044610155100501028811155126951369413434126281174811244
031720262           108651074410789112421225213716149621562715404147911394413127
031820261           126341237512262123471272413640151881585615052141141354513055
031820262           127601245312081122221296414337156991626515986153121425513409
031920261           128301248712358123601270213547150301572615406149431459114439
031920262           142291418514194144861496215557159021602915596147731380312865
032020261           122871188311689116651202412928143341490714081128691191811543
032020262           114271175512350127901349014204145631452614153135271267811869
032120261           112801088610602104911049910957115971216112516121871171211077
032120262           10365 9904 9613 99531093512389133131374213549130651241111710
032220261           112141088210697106121071010999114621209712854135511394714180
032220262           143671447314442144311451214853149251479314273134591252411695
032320261           112051088810787108531126212219136611476515241154841551715395
032320262           152501517615114151451536415904161591621015689148441373312820
032420261           123201201511858118901226413204146891534514664134211236911641
032420262           111871088110569108941186113316145171525115028143071330412432
032520261           119221157711458114861187912865143471483513910128941191411187
032520262           108131045210152104941152813058142111481614539137861275711896
032620261           112531093010759107371106611906133381421614249135481231511449
032620262           110341143311816123611273513418139031415513764129971200111158
032720261           1055910177 9978 99461024011009123681327613512133701276412057
032720262           109461118111308112531176712958139241447514388138731319012511
032820261           120271169511519115151170412165128061320912809119791122010681
032820262           103711037210711113221213313187142051480114589141191346112785
032920261           122861199811829118041196212304127551291712423115191072110188
032920262            9811 9609 9689101921124712675138131444314248135511252411728
033020261           111591081510659106671105211956133981405713822130911207710994
033020262           103101031110606110911189212942136701407713739129151180510911
033120261           10299 9950 9744 97091001110843122641317113365132151315512825
033120262           123581259512235121591264213552140621433313953130701209911177
040120261           1056010199 9981 99691023311014123631307913136127411235312384
040120262           123431244312643127711317313720139261409013683129461194311084
040220261           105391020110045100921044111298127991375614092141771407213875
040220262           137691383813756138611434814867149811502114717141131314112190
040320261           116011115010923108801110311798129001366913970139131364713268
040320262           126201153810725108591147412287129751341913209126281181811000
040420261           10404 9950 9694 9576 9612 989410399106781049910154 9717 9537
040420262            9249 9217 9564102651124612367129761333513158126931197811238
040520261           106621027610059 99791003410267107501143212163126841299813047
040520262           130941278912559124591259212819130731333713155125361167510875
040620261           1040210130 9983100381046211438128241328712853124051207311713
040620262           114531109310914110041178512893138201443914348137591280711912
040720261           113761107410936109461126812181135031412013907133451307213038
040720262           127141241412099121121258613532143131482614742142781328212433
040820261           119681165311533116041197212925143201448913492123101124110544
040820262           10117 9900 9792100671099712443136801436614430139311299012103
040920261           116691138611273113501175612686140411411012916116051072610122
040920262            9782 9635 9593 99451100312410134971420614182135171253411707
041020261           111271080210636106521098811857131311329912359112471061910098
041020262            9628 9531 9574 99631097612148128101317712963124201164710840
041120261           10231 9827 9585 9494 9558 9949104681065910288 9776 9397 8956
041120262            8613 8399 8427 8884 987211103120851259612570120821140510747
041220261           10258 9968 9704 9798 9970103091075410656 9976 9320 8808 8562
041220262            8360 8418 8984 99511146312587131171346313173124561151010685
041320261           10172 9855 9704 97121002510871121991303613164131011300412761
041320262           123831183011996121631242112948134171377213578127191168310741
041420261           10164 9750 9519 9463 968710470115951197811570110361056610431
041420262           103991066311357118671265813541139171418413911131161210311121
041520261           10423 9959 9644 9530 972310440115791209511825114741118211159
041520262           113361157711918127881329513730139601422413919131381205211069
041620261           10376 9917 9662 9598 978210495116741234312385121931183311367
041620262           112211143511777125541343514035143781446814249133701224711202
041720261           1051210041 9747 9633 981410505116641240112547124661221712129
041720262           119041160611546114251186712495129801313812999123841153210651
041820261           10008 9583 9331 9208 9245 9500 99201030610678108471067410251
041820262            9955 9703 9643 99641079911732122791251612324118201112810452
041920261            9929 9534 9301 9157 9206 9401 98011042111218118671217212491
041920262           126871273112717128801327113309133551354513510129341211111324
042020261           108311049110357104161077511609126231270512037116131170611760
042020262           115801150411364114721194312772135261407814074134211251911659
042120261           111271082310746108371122712102131501304412043109821043310025
042120262            9881 9708 9710 98941073812014131551385413959133261241911547
042220261           110311069810547105461083011611127001336113575136821376313663
042220262           135101344613353134711368914072143451443514138133451232711413
042320261           1076510404102181022610528113521237712467116571066210037 9607
042320262            9302 9246 9243 96911055111747126931319513188125361165210793
042420261           10296 9975 9821 9850101461089911816119061112510280 9798 9432
042420262            9255 9206 9308 97011055811602123961287512918124161168210958
042520261           1043610083 9950 993410093104531078710526 9959 9630 9500 9423
042520262            9370 9158 9335 98681076211690122721258912575121001143010692
042620261           10291 9932 9708 9630 9725 993610193103551052110212 9751 9430
042620262            9013 8709 8540 8754 966611040121151268912825121571126110391
042720261            9919 9604 9517 9571 99741085411982119921104310163 9541 9224
042720262            9071 9073 9224 96331054911794127811320913198124341141110472
042820261            9893 9579 9402 9429 975410583116991172310774 9962 9332 9097
042820262            8941 9074 9228 96551079212013128261324513266125561150410556
042920261            9979 9618 9437 9407 969610519116871221711848111651053610002
042920262            9695 978310294110171154512441130151337813371126301166910701
043020261           10159 9780 9575 9547 979910570118161269613026132351332013240
043020262           130831284412780129351311113429135521362713517127931176410899
050120261           10302 9910 9712 971910020108291185911997112391052210192 9631
050120262            9279 9211 9271 94051026811384121971262212689122411140410578
050220261           10005 9617 9378 9305 9391 9662101161062110968110041099811279
050220262           112881113610909108921130711901122741243012475120371134110577
050320261           10062 9692 9480 9395 9462 9715100351017310274104451069610997
050320262           108901061210548105991109311865125661300513130125931165610814
050420261           10271 9906 9768 975510067109011198612073113351060010116 9814
050420262            9646 9633 9741 99921089311987128101319213172125001145010484
050520261            9913 9537 9334 9299 9553103301133311544112421079010229 9800
050520262            96881003810429110311191812790133051349313497128661181010815
050620261           10191 9732 9482 9376 955610224112651178811804116861184212195
050620262           124761287913062130961328413576136171355413291125571159010684
050720261           10096 9632 9368 9310 95211027211373118441102210159 9685 9495
050720262            9276 9226 9280 97451065111682125421296213089125331151210580
050820261            9941 9617 9438 9441 96941042211364114911081910100 9750 9902
050820262           103901078510632105751089511465121171252512711122781148110653
050920261           10069 9701 9493 9423 9517 9818102421052710747107381074810983
050920262           111791108911441119131234412750128471278112611120931131710544
051020261            9950 9528 9276 9152 9192 9349 962910036103111048910126 9516
051020262            9201 9096 9123 96821073011445121431249912695121571126010305
051120261            9588 9174 8962 8938 92311002911115115741119910319 984810048
051120262           104981106111317114611182212398127681297913067124681146410505
051220261           10040 9677 9529 9530 983710611115921162110795100331002310030
051220262            9861 9717 9616 97631062911735126821313113254125961153510563
051320261           10008 9637 9465 9449 971210480116431230712642127571277612616
051320262           120481173511603120811265513190132941339213356127091167810762
051420261           10116 9734 9502 9441 967210435116211249912752129001284213063
051420262           131321303313049130241317113506134801349913374127431170810793
051520261           10196 9797 9566 9468 970010377113821193411983119611207712095
051520262           119251168411604116031183112317125781275412892124261161910757
051620261           10088 9652 9421 9324 9348 9577 9810 9826 9440 8961 8534 8416
051620262            8339 8403 8615 92341035111511123891266612762123171151110619
051720261           10055 9588 9310 9148 9075 9079 9153 9297 9317 9228 9332 9617
051720262           101711068511212119871309514339152201541215300145311326612000
051820261           111831046910168 99731009710672116201219512152119841194111916
051820262           120351246913007137701480615835164461643716269154761405912794
051920261           119821131210921107511089911457125421327913556138541441315101
051920262           158041672117596186391938019365187891853418359174111588914426
052020261           133831267212143118691194712481135531443914873152211577716347
052020262           169651759317969183351891919496191841860318023168531526013717
052120261           126101172511296109891098111413122461274612571121691184811693
052120262           116331192411998121031243512932133181353713583129881189910871
052220261           10174 9713 9445 9360 95061002310798109911057310092 9653 9426
052220262            9324 9503 9919105781134012071125051268312724122361138810476
052320261            9943 9488 9232 9101 9101 9178 9448 979310160102751028710392
052320262           104351046610613108931133611826120681219712256117881105710273
052420261            9763 9365 9118 9007 9001 9135 94761003410731112131153911678
052420262           117521183711773118531216512563126421256912460119071114910356
052520261            9802 9426 9190 9102 9201 9457 98641041911040116011176111582
052520262           111311073710437105381140912442133061368513745131691203510935
052620261           10163 9666 9375 9317 952410127110781148511279109271072210821
052620262           111271168612353131831416715152157441576415600147971347812155
052720261           112521069910300101221029510837117671235812597126601264412864
052720262           133121405714700151251575216664170991697316611157511433012882
052820261           119111113810667103911040610842117201218712035118531214712466
052820262           124331261112812128821329813808140821412314007133991231611226
052920261           10375 9862 9541 9464 962110157110201139611154106171067611149
052920262           114721174912337128751297213376133881329813200126761182610948
053020261           10329 9834 9501 9339 9305 9422 96741012910744111671146011484
053020262           112871099210749106221079411205117301208512290120071128110528
053120261            9947 9571 9330 9207 9284 9335 9375 9320 9149 8918 8791 8974
053120262            95431030210852112471164812356128011288512849122171122210342
060120261            9662 9268 9073 9061 9349 9997110061157411513112211093910733
060120262           105841047110354104331100712005128151315513147126231155310525
060220261            9986 9515 9351 9324 9589102131117511305108341036810062 9992
060220262           102911075811105116451238713158136351385413914132641214911022
060320261           10250 9755 9446 9362 956010112110421143811155108181071510759
060320262           109641139811917127991397115009156551560115236144711314611851
060420261           1098710342 9939 9779 987610346113401183811775116891181212198
060420262           126341325214043151431597816666168751679116383155681410512713
060520261           117711105810585103311037210742116631229112380125201273213161
060520262           136621433614986158191677617513174691700516569157791461013267
060620261           122601147810919106151048310491107311123411880124311286813283
060620262           137511418114969152031565116315165781624915929151801417713023
060720261           121431141710971106531053010436106881111711634121111260713113
060720262           135481382214369147811505815454155901533914994141921295411744
060820261           1095210357 9959 9800 995310473114191181711610113001126211747
060820262           114801185712309131301427415389160191592015503146911336112033
060920261           111381054310198100721026210730116321208111968118181173411975
060920262           122621278113518145861592017092177131749416951160261439213057
061020261           121141141110918106751073111280122491315813712142171490315542
061020262           160071699818243191641958719506193581887618492175511610814744
061120261           137331304412524123071238412952141321503515456158781666517426
061120262           181051883219724206712153421722216702124320804198691815316674
061220261           155691472314145137811379114354153551622816754172161756218372
061220262           193592027620739213032211722772226512205421237202461882217366
061320261           162241520914321136111315712860130041329413628138171407214483
061320262           150241559416380173061837619311197291931918472174891603314820
061420261           136931277512129116801139711184113931185212537132971396314887
061420262           160001700517723178081823818622186591833718008171631574614591
061520261           136241293912574123871256213244140561469814973146981451314476
061520262           146111498915449159461656617228174611709516511156681424712921
061620261           119291126810808105531060911026118871227412061117431173311806
061620262           119101235512690134821453915662161221607815669148961365912428
061720261           114841082410404102401037810946116831221912291121811244512693
061720262           130271353114476148721537715917164021626415946153231400512860
061820261           119031128310883107491091311573125241341014062145381492615137
061820262           154841546615105155301628416817167091645116155156211449813465
061920261           126981202011511111811114311478119871253012832129401314113291
061920262           134271381714372147211517315914162521603515516149121390012814
062020261           117901111610667103801029810302105601091011234113071151611632
062020262           118411228312594131501372814411149371492014597141711326112323
062120261           1142710880104661024210071 9936101111039010703108371107511460
062120262           117881235712908136051408814836153691540915196146491351612350
062220261           115811095610528103421048411012117971263413002133661397114556
062220262           150301538715358152391528915368151271475214433138121289912038
062320261           114191095610766106931094211651126231355113974140761423914156
062320262           140511414314180142611446414853150151503514925144741348712398
062420261           115591102110655104831058511012118681249412569124091258912935
062420262           133931394014396149561577316693172591706216537158271449313167
062520261           121331142710904106271067311048118681253712715127571320713556
062520262           139911471215319159121672117453176371727916939162521488413789
062620261           128221211811660114491152512097128381370414182144561485614840
062620262           146071459714852154071619916874170341682616573160241486313743
062720261           127911208811570113151115311184113931182612230124891283413413
062720262           139151463115107151751534315798161131590615649151311429813301
062820261           124141174411286110261091210836110081128211664119281223612925
062820262           135041417014889157051665017557178411751517051163621499813811
062920261           127891207111630113881148411999127291345113840140831451815125
062920262           157501641017051178311873019580198721941018676176951605514652
063020261           134941266512111117651179312153131131390614446148271551416342
063020262           172851853619648201992039320542201941968319186183521692815540
070120261           145431370713201129241296313360143071530315839161741687017823
070120262           188852013421152223062334523989242092389723533225142084219206
070220261           178651683615973155151533715634164651760318585194552028721104
070220262           219322287423705245752536325615258322533024884238692221320540
070320261           190971803117205166471634316277167341753618346191221982920493
070320262           210742178122625235552440024756248182428323745227892135019917
070420261           185531745216556159471551615177154381610716933179011874919625
070420262           200932016720543210212138021866218252090019891187251767716509
070520261           155261462413910134461310812854128111304613450136221396114651
070520262           152551573316486170941775718413186171835118101174311604414783
070620261           138851309012487122081221512700132641395614365145101472214726
070620262           149421523015248152571545615810159321569415385147511372212646
070720261           119151140911048109331109311726125321342013880140661426014422
070720262           145771459314602145621475315065151491506214838142421326912294
070820261           115551107810751105821072211176119761262612734126251267013079
070820262           133431405914895159301712918212188231861918167173881590814599
070920261           135601280712298120161207412551133991427414896154541620817113
070920262           181191909619981207792162722218221822169121182202131858117086
071020261           158981499614400140491402714466152781631217021174431793918458
071020262           187981924619881203952079820922207042022519516186411716215806
071120261           146591367412991125461231712180123691271213146134311363913989
071120262           144341502115649164831735418180184031794217352165331532514115
071220261           131081232511735113681114210978110561128111522117911218112759
071220262           136101412814816156491675317840184291816017472165811531113968
071320261           129161221811759115221162312166129361370414143144871499315666
071320262           163591699217584184891954220429205062001019483185561696215581
071420261           144491367013143128601291613485142861527116036166711745318238
071420262           191141962920040207742173022380224332205821853208591928617735
071520261           165971572715171148561492615423163491745218075186261933719882
071520262           201062040120350202462007019718193141883418495176121620514805
071620261           137771299112499122191224512694134261423614664150341562716072
071620262           166931738017915185031910719569193611878818301174551598314601
071720261           134291260912074117091168611991126211324613475135751395813671
071720262           137221419514950158371705117791179511754316962160841481113634
071820261           126891199911494111761109011164114561212612713133031405715049
071820262           158521607615778153951532515615155811541415273149181416313537
071920261           129211242011989117711165911590115331163911789117131161811687
071920262           118491219212670134951452615620163481621615811150701382312674
072020261           117421107410623104281056110994117471234212509124831259412979
072020262           132631376314398152241621317274178031746516860159791462613348
072120261           124411179411351111491127411909126101342913839143371486815488
072120262           157571570915928162961661216798166831648916403159261490013987
072220261           133121280212512123791253813176141301504015589158641623816485
072220262           169411752217989186551880619306193641894918424173241556914167
072320261           130671224711655112891127611668123331286812846125081240412528
072320262           128371348113893147941576216711171051680916315155881436413068
072420261           120691134610920106971077611254118851243812649126411278913062
072420262           134641401514609155171644817202174161695216391156671439913271
072520261           122351149810980106631053610576107561106211251113121139511671
072520262           120211255212971137631472215675160461569415207144861344512414
072620261           115571092710389101801003310008100621023610399104601067910932
072620262           113181187112498133731448115541160411587915550147991360012502
072720261           116371104810691104871061511229118861249812738127381292713290
072720262           138841479715546163711733718237185881822417841169681556614333
072820261           133091264012167119491211512741136461440014830151471558116105
072820262           166131736917892181681840518660184861809117791169981569414589
072920261           136471301612624124341256213189139801484415360156571578015746
072920262           156511579315896160601638616789167111638816115154161442513410
073020261           125331202111636114691157112264130721398714490147291488314807
073020262           146781487014995153151580116203162841613815975153251429713241
073120261           123881179311415112011128611854124591326713660138591410714597
073120262           151591565716068163831719517852179171760817351166221543914307
